externalSampleId bilirubin creatinine cholesterol glucose urea weight fat_weight
BL1129-1469 0.7 0.17 133 398 17 24.9 0.17126
BL1129-1469 0.7 0.17 133 398 17 24.9 0.17126
BL1129-1469 0.7 0.17 133 398 17 24.31 0.17126
BL1129-1469 0.7 0.17 133 398 17 20.59 0.17126
BL1129-1477 0.3 0.22 184 429 23 28.99 0.243401
BL1129-1477 0.3 0.22 184 429 23 28.99 0.243401
BL1129-1477 0.3 0.22 184 429 23 32.01 0.243401
BL1129-1477 0.3 0.22 184 429 23 29.13 0.243401
BL1129-1477 0.3 0.22 184 429 23 35.08 0.243401
BL1129-1493 0.2 0.21 93 383 16 22.63 0.139851
BL1129-1493 0.2 0.21 93 383 16 22.35 0.139851
BL1129-1493 0.2 0.21 93 383 16 18.64 0.139851
BL1129-1493 0.2 0.21 93 383 16 22.35 0.139851
BL1297-566 0.4 0.23 111 371 14 26.41 0.198062
BL1297-566 0.4 0.23 111 371 14 25.01 0.198062
BL1297-566 0.4 0.23 111 371 14 25.01 0.198062
BL1297-566 0.4 0.23 111 371 14 22.13 0.198062
BL1297-578 0.2 0.22 152 356 19 33.57 0.291307
BL1297-578 0.2 0.22 152 356 19 33.56 0.291307
BL1297-578 0.2 0.22 152 356 19 26.29 0.291307
BL1297-578 0.2 0.22 152 356 19 30.51 0.291307
BL1297-578 0.2 0.22 152 356 19 26.29 0.291307
BL1297-604 0.3 0.25 162 447 21 30.76 0.226179
BL1297-604 0.3 0.25 162 447 21 31.36 0.226179
BL1297-604 0.3 0.25 162 447 21 29.3 0.226179
BL1297-604 0.3 0.25 162 447 21 26.86 0.226179
BL1297-604 0.3 0.25 162 447 21 31.36 0.226179
BL1301-1425 0.3 0.25 171 474 20 25.48 0.261752
BL1301-1425 0.3 0.25 171 474 20 27.45 0.261752
BL1301-1425 0.3 0.25 171 474 20 32.82 0.261752
BL1301-1425 0.3 0.25 171 474 20 32.61 0.261752
BL1301-1425 0.3 0.25 171 474 20 25.48 0.261752
BL1321-851 0.2 0.21 93 355 26 21.59 0.102798
BL1321-851 0.2 0.21 93 355 26 21.4 0.102798
BL1321-851 0.2 0.21 93 355 26 18.16 0.102798
BL1321-851 0.2 0.21 93 355 26 20.23 0.102798
BL1324-435 0.2 0.18 88 301 15 23.15 0.286568
BL1324-435 0.2 0.18 88 301 15 32.69 0.286568
BL1324-435 0.2 0.18 88 301 15 34.31 0.286568
BL1324-435 0.2 0.18 88 301 15 32.83 0.286568
BL1324-454 0.1 0.21 68 281 19 31.36 0.246805
BL1324-454 0.1 0.21 68 281 19 26.21 0.246805
BL1324-454 0.1 0.21 68 281 19 27.72 0.246805
BL1324-454 0.1 0.21 68 281 19 30.7 0.246805
BL1324-454 0.1 0.21 68 281 19 30.6 0.246805
BL1357-1180 0.4 0.2 88 244 16 23.4 0.206925
BL1357-1180 0.4 0.2 88 244 16 29.61 0.206925
BL1357-1180 0.4 0.2 88 244 16 28.67 0.206925
BL1357-1180 0.4 0.2 88 244 16 23.4 0.206925
BL1357-1202 0.3 0.19 160 333 22 27.52 0.208078
BL1357-1202 0.3 0.19 160 333 22 27.21 0.208078
BL1357-1202 0.3 0.19 160 333 22 30.27 0.208078
BL1357-1202 0.3 0.19 160 333 22 31.09 0.208078
BL1357-1202 0.3 0.19 160 333 22 30.27 0.208078
BL1367-483 0.5 0.24 103 384 15 20.46 0.184582
BL1367-483 0.5 0.24 103 384 15 24.17 0.184582
BL1367-483 0.5 0.24 103 384 15 25.17 0.184582
BL1367-483 0.5 0.24 103 384 15 24.17 0.184582
BL1367-494 0.2 0.24 165 351 25 30.43 0.265162
BL1367-494 0.2 0.24 165 351 25 29.55 0.265162
BL1367-494 0.2 0.24 165 351 25 27.05 0.265162
BL1367-494 0.2 0.24 165 351 25 33.38 0.265162
BL1367-494 0.2 0.24 165 351 25 33.38 0.265162
BL1376-80 0.39 0.224 136.6 361.3 18 28.76 0.214574
BL1376-80 0.39 0.224 136.6 361.3 18 22.78 0.214574
BL1376-80 0.39 0.224 136.6 361.3 18 29.69 0.214574
BL1376-80 0.39 0.224 136.6 361.3 18 29.12 0.214574
BL1380-1092 0.6 0.18 110 312 14 28.05 0.26327
BL1380-1092 0.6 0.18 110 312 14 22.74 0.26327
BL1380-1092 0.6 0.18 110 312 14 28.05 0.26327
BL1380-1092 0.6 0.18 110 312 14 26.63 0.26327
BL1380-1119 0.2 0.19 169 307 23 27.34 0.241486
BL1380-1119 0.2 0.19 169 307 23 33.17 0.241486
BL1380-1119 0.2 0.19 169 307 23 28.44 0.241486
BL1380-1119 0.2 0.19 169 307 23 32.06 0.241486
BL1380-1119 0.2 0.19 169 307 23 27.34 0.241486
BL1459-570 0.2 0.17 99 304 26 22.04 0.231122
BL1459-570 0.2 0.17 99 304 26 22.04 0.231122
BL1459-570 0.2 0.17 99 304 26 29.13 0.231122
BL1459-570 0.2 0.17 99 304 26 27.33 0.231122
BL1460-492 0.3 0.17 128 410 23 22.47 0.226516
BL1460-492 0.3 0.17 128 410 23 28.78 0.226516
BL1460-492 0.3 0.17 128 410 23 29.44 0.226516
BL1460-492 0.3 0.17 128 410 23 22.47 0.226516
BL1470-837 0.2 0.2 133 276 21 33.33 0.30847
BL1470-837 0.2 0.2 133 276 21 35.07 0.30847
BL1470-837 0.2 0.2 133 276 21 27.86 0.30847
BL1470-837 0.2 0.2 133 276 21 35.07 0.30847
BL1470-850 0.4 0.23 95 249 17 28.76 0.207948
BL1470-850 0.4 0.23 95 249 17 26.73 0.207948
BL1470-850 0.4 0.23 95 249 17 28.76 0.207948
BL1470-850 0.4 0.23 95 249 17 24.11 0.207948
BL1470-850 0.4 0.23 95 249 17 26.1 0.207948
BL1472-558 0.4 0.23 121 326 21 28.13 0.176317
BL1472-558 0.4 0.23 121 326 21 25.82 0.176317
BL1472-558 0.4 0.23 121 326 21 23.31 0.176317
BL1472-558 0.4 0.23 121 326 21 25.82 0.176317
BL1485-509 0.16 0.205 121.3 278.9 18 20.27 0.140408
BL1485-509 0.16 0.205 121.3 278.9 18 23.3 0.140408
BL1485-509 0.16 0.205 121.3 278.9 18 23.3 0.140408
BL1485-509 0.16 0.205 121.3 278.9 18 23.6 0.140408
BL1485-516 0.44 0.212 148.6 393.9 18 30.71 0.246915
BL1485-516 0.44 0.212 148.6 393.9 18 27.52 0.246915
BL1485-516 0.44 0.212 148.6 393.9 18 30.71 0.246915
BL1485-516 0.44 0.212 148.6 393.9 18 31.3 0.246915
BL1485-516 0.44 0.212 148.6 393.9 18 27.14 0.246915
BL1485-525 0.19 0.249 193.7 359.8 24 37.45 0.300475
BL1485-525 0.19 0.249 193.7 359.8 24 38.89 0.300475
BL1485-525 0.19 0.249 193.7 359.8 24 38.89 0.300475
BL1485-525 0.19 0.249 193.7 359.8 24 33.34 0.300475
BL1485-525 0.19 0.249 193.7 359.8 24 30.8 0.300475
BL1512-415 0.1 0.15 110 258 13 32.28 0.184551
BL1512-415 0.1 0.15 110 258 13 31.69 0.184551
BL1512-415 0.1 0.15 110 258 13 27.64 0.184551
BL1512-415 0.1 0.15 110 258 13 28.72 0.184551
BL1512-415 0.1 0.15 110 258 13 32.28 0.184551
BL1540-471 0.2 0.24 156 341 20 29.04 0.256877
BL1540-471 0.2 0.24 156 341 20 32.26 0.256877
BL1540-471 0.2 0.24 156 341 20 32.26 0.256877
BL1540-471 0.2 0.24 156 341 20 32.55 0.256877
BL1540-471 0.2 0.24 156 341 20 26.3 0.256877
BL1540-474 0.4 0.23 116 326 19 31.66 0.291333
BL1540-474 0.4 0.23 116 326 19 31.66 0.291333
BL1540-474 0.4 0.23 116 326 19 25.18 0.291333
BL1540-474 0.4 0.23 116 326 19 31.43 0.291333
BL1601-416 0.1 0.14 105 303 16 21.87 0.119304
BL1601-416 0.1 0.14 105 303 16 19.66 0.119304
BL1601-416 0.1 0.14 105 303 16 21.84 0.119304
BL1601-416 0.1 0.14 105 303 16 19.66 0.119304
BL1653-459 0.3 0.21 121 431 22 27.1 0.183364
BL1653-459 0.3 0.21 121 431 22 27.1 0.183364
BL1653-459 0.3 0.21 121 431 22 21.36 0.183364
BL1653-459 0.3 0.21 121 431 22 24.3 0.183364
BL1653-479 0.3 0.19 156 359 29 33.13 0.175085
BL1653-479 0.3 0.19 156 359 29 26.24 0.175085
BL1653-479 0.3 0.19 156 359 29 26.03 0.175085
BL1653-479 0.3 0.19 156 359 29 30.99 0.175085
BL1653-479 0.3 0.19 156 359 29 33.13 0.175085
BL1656-432 0.4 0.21 112 355 19 27.43 0.242373
BL1656-432 0.4 0.21 112 355 19 26.47 0.242373
BL1656-432 0.4 0.21 112 355 19 27.43 0.242373
BL1656-432 0.4 0.21 112 355 19 22.34 0.242373
BL1656-444 0.3 0.21 125 375 19 31.29 0.181002
BL1656-444 0.3 0.21 125 375 19 28.63 0.181002
BL1656-444 0.3 0.21 125 375 19 31.29 0.181002
BL1656-444 0.3 0.21 125 375 19 26.81 0.181002
BL1656-444 0.3 0.21 125 375 19 26.9 0.181002
BL1672-1539 0.2 0.22 124 353 13 21.91 0.173283
BL1672-1539 0.2 0.22 124 353 13 26.26 0.173283
BL1672-1539 0.2 0.22 124 353 13 26.61 0.173283
BL1672-1539 0.2 0.22 124 353 13 21.91 0.173283
BL1672-1554 0.2 0.2 111 384 25 29.88 0.10679
BL1672-1554 0.2 0.2 111 384 25 27.75 0.10679
BL1672-1554 0.2 0.2 111 384 25 26.77 0.10679
BL1672-1554 0.2 0.2 111 384 25 27.75 0.10679
BL1672-1554 0.2 0.2 111 384 25 31.28 0.10679
BL1690-647 0.2 0.21 122 402 18 26.74 0.208109
BL1690-647 0.2 0.21 122 402 18 27.99 0.208109
BL1690-647 0.2 0.21 122 402 18 24.58 0.208109
BL1690-647 0.2 0.21 122 402 18 26.74 0.208109
BL1690-647 0.2 0.21 122 402 18 26.72 0.208109
BL1765-1419 0.3 0.18 95 323 17 24.48 0.17215
BL1765-1419 0.3 0.18 95 323 17 22.14 0.17215
BL1765-1419 0.3 0.18 95 323 17 23.35 0.17215
BL1765-1419 0.3 0.18 95 323 17 19.34 0.17215
BL1765-1433 0.3 0.14 84 305 20 24.79 0.120379
BL1765-1433 0.3 0.14 84 305 20 25.51 0.120379
BL1765-1433 0.3 0.14 84 305 20 23.43 0.120379
BL1765-1433 0.3 0.14 84 305 20 24.67 0.120379
BL1765-1433 0.3 0.14 84 305 20 26.59 0.120379
BL1802-1537 0.3 0.22 62 193 13 21.65 0.12632
BL1802-1537 0.3 0.22 62 193 13 19.55 0.12632
BL1802-1537 0.3 0.22 62 193 13 22.55 0.12632
BL1802-1537 0.3 0.22 62 193 13 22.19 0.12632
BL1802-1556 0.4 0.2 132 349 25 24.06 0.157824
BL1802-1556 0.4 0.2 132 349 25 25.02 0.157824
BL1802-1556 0.4 0.2 132 349 25 28.3 0.157824
BL1802-1556 0.4 0.2 132 349 25 27.5 0.157824
BL1802-1556 0.4 0.2 132 349 25 29.19 0.157824
BL1803-733 0.2 0.16 121 337 14 23.58 0.160493
BL1803-733 0.2 0.16 121 337 14 24.18 0.160493
BL1803-733 0.2 0.16 121 337 14 24.18 0.160493
BL1803-733 0.2 0.16 121 337 14 20.16 0.160493
BL1803-752 0.5 0.19 141 345 16 22.52 0.160045
BL1803-752 0.5 0.19 141 345 16 24.02 0.160045
BL1803-752 0.5 0.19 141 345 16 26.06 0.160045
BL1803-752 0.5 0.19 141 345 16 26.06 0.160045
BL1803-752 0.5 0.19 141 345 16 26.89 0.160045
BL1824-1177 0.2 0.22 113 359 19 24 0.172507
BL1824-1177 0.2 0.22 113 359 19 24 0.172507
BL1824-1177 0.2 0.22 113 359 19 24.75 0.172507
BL1824-1177 0.2 0.22 113 359 19 20.06 0.172507
BL1824-1189 0.1 0.2 160 372 31 28.69 0.222506
BL1824-1189 0.1 0.2 160 372 31 28.53 0.222506
BL1824-1189 0.1 0.2 160 372 31 34.78 0.222506
BL1824-1189 0.1 0.2 160 372 31 34.78 0.222506
BL1824-1189 0.1 0.2 160 372 31 32.6 0.222506
BL1842-1251 0.3 0.23 118 370 24 29.37 0.211726
BL1842-1251 0.3 0.23 118 370 24 28.47 0.211726
BL1842-1251 0.3 0.23 118 370 24 22.33 0.211726
BL1842-1251 0.3 0.23 118 370 24 28.62 0.211726
BL1842-1259 0.2 0.26 144 373 25 36.23 0.231869
BL1842-1259 0.2 0.26 144 373 25 31.85 0.231869
BL1842-1259 0.2 0.26 144 373 25 36.23 0.231869
BL1842-1259 0.2 0.26 144 373 25 35.5 0.231869
BL1842-1259 0.2 0.26 144 373 25 31.67 0.231869
BL1856-817 0.5 0.23 93 493 15 20.06 0.124776
BL1856-817 0.5 0.23 93 493 15 21.62 0.124776
BL1856-817 0.5 0.23 93 493 15 20.06 0.124776
BL1856-817 0.5 0.23 93 493 15 21.56 0.124776
BL1918-934 0.2 0.21 81 308 20 22.48 0.181453
BL1918-934 0.2 0.21 81 308 20 27.79 0.181453
BL1918-934 0.2 0.21 81 308 20 22.48 0.181453
BL1918-934 0.2 0.21 81 308 20 25.4 0.181453
BL1918-953 0.4 0.23 138 392 14 26.58 0.253617
BL1918-953 0.4 0.23 138 392 14 26.58 0.253617
BL1918-953 0.4 0.23 138 392 14 20.77 0.253617
BL1918-953 0.4 0.23 138 392 14 26.96 0.253617
BL1918-956 0.7 0.24 132 358 21 22.49 0.238359
BL1918-956 0.7 0.24 132 358 21 28.51 0.238359
BL1918-956 0.7 0.24 132 358 21 26.63 0.238359
BL1918-956 0.7 0.24 132 358 21 28.51 0.238359
BL1996-940 0.5 0.25 94 384 19 24.18 0.228681
BL1996-940 0.5 0.25 94 384 19 28.45 0.228681
BL1996-940 0.5 0.25 94 384 19 28.45 0.228681
BL1996-940 0.5 0.25 94 384 19 27.12 0.228681
BL1996-949 0.2 0.26 145 333 24 32.88 0.234358
BL1996-949 0.2 0.26 145 333 24 32.88 0.234358
BL1996-949 0.2 0.26 145 333 24 27.97 0.234358
BL1996-949 0.2 0.26 145 333 24 26.73 0.234358
BL1996-949 0.2 0.26 145 333 24 31.84 0.234358
BL1997-456 0.1 0.15 84 292 18 22.89 0.140215
BL1997-456 0.1 0.15 84 292 18 22.45 0.140215
BL1997-456 0.1 0.15 84 292 18 20.1 0.140215
BL1997-456 0.1 0.15 84 292 18 22.45 0.140215
BL1997-467 0.2 0.2 98 323 18 25.51 0.183387
BL1997-467 0.2 0.2 98 323 18 27.4 0.183387
BL1997-467 0.2 0.2 98 323 18 26.93 0.183387
BL1997-467 0.2 0.2 98 323 18 24.86 0.183387
BL1997-467 0.2 0.2 98 323 18 26.47 0.183387
BL2012-329 0.4 0.19 100 296 14 19.9 0.163656
BL2012-329 0.4 0.19 100 296 14 23.61 0.163656
BL2012-329 0.4 0.19 100 296 14 22.03 0.163656
BL2012-329 0.4 0.19 100 296 14 22.03 0.163656
BL2097-1277 1.3 0.24 149 354 15 28.42 0.237038
BL2097-1277 1.3 0.24 149 354 15 28.13 0.237038
BL2097-1277 1.3 0.24 149 354 15 25.83 0.237038
BL2097-1277 1.3 0.24 149 354 15 28.42 0.237038
BL2097-1277 1.3 0.24 149 354 15 24.09 0.237038
BL2151-970 0.2 0.27 158 563 23 30.87 0.209972
BL2151-970 0.2 0.27 158 563 23 26.6 0.209972
BL2151-970 0.2 0.27 158 563 23 31.4 0.209972
BL2151-970 0.2 0.27 158 563 23 31.4 0.209972
BL2151-970 0.2 0.27 158 563 23 28.59 0.209972
BL2223-520 0.3 0.2 104 386 20 20.68 0.1621
BL2223-520 0.3 0.2 104 386 20 22.99 0.1621
BL2223-520 0.3 0.2 104 386 20 23.8 0.1621
BL2223-520 0.3 0.2 104 386 20 23.8 0.1621
BL2238-722 0.2 0.23 106 356 20 24.09 0.151888
BL2238-722 0.2 0.23 106 356 20 20.94 0.151888
BL2238-722 0.2 0.23 106 356 20 24.09 0.151888
BL2238-722 0.2 0.23 106 356 20 24.55 0.151888
BL2238-726 0.2 0.25 175 411 22 33.9 0.243404
BL2238-726 0.2 0.25 175 411 22 32.22 0.243404
BL2238-726 0.2 0.25 175 411 22 33.92 0.243404
BL2238-726 0.2 0.25 175 411 22 28.54 0.243404
BL2238-726 0.2 0.25 175 411 22 33.9 0.243404
BL2240-580 0.7 0.23 115 381 18 27.1 0.233593
BL2240-580 0.7 0.23 115 381 18 27.82 0.233593
BL2240-580 0.7 0.23 115 381 18 21.45 0.233593
BL2240-580 0.7 0.23 115 381 18 27.1 0.233593
BL2269-1637 0.32 0.212 141 355.1 24 26.05 0.205349
BL2269-1637 0.32 0.212 141 355.1 24 27.8 0.205349
BL2269-1637 0.32 0.212 141 355.1 24 30.78 0.205349
BL2269-1637 0.32 0.212 141 355.1 24 28.25 0.205349
BL2269-1637 0.32 0.212 141 355.1 24 31.8 0.205349
BL2269-1639 0.2 0.205 158.3 316.1 17 26.82 0.173077
BL2269-1639 0.2 0.205 158.3 316.1 17 28.35 0.173077
BL2269-1639 0.2 0.205 158.3 316.1 17 29.68 0.173077
BL2269-1639 0.2 0.205 158.3 316.1 17 27.36 0.173077
BL2269-1639 0.2 0.205 158.3 316.1 17 30.97 0.173077
BL2273-325 0.1 0.16 85 339 17 27.09 0.162637
BL2273-325 0.1 0.16 85 339 17 22.62 0.162637
BL2273-325 0.1 0.16 85 339 17 27.94 0.162637
BL2273-325 0.1 0.16 85 339 17 27.94 0.162637
BL2273-336 0.1 0.15 114 261 21 25.78 0.190189
BL2273-336 0.1 0.15 114 261 21 30.53 0.190189
BL2273-336 0.1 0.15 114 261 21 27.26 0.190189
BL2273-336 0.1 0.15 114 261 21 27.26 0.190189
BL2273-336 0.1 0.15 114 261 21 31.85 0.190189
BL2274-617 0.2 0.18 114 292 24 20.7 0.135504
BL2274-617 0.2 0.18 114 292 24 22.63 0.135504
BL2274-617 0.2 0.18 114 292 24 23.02 0.135504
BL2274-617 0.2 0.18 114 292 24 23.02 0.135504
BL2274-622 0.3 0.22 147 294 23 25.41 0.273132
BL2274-622 0.3 0.22 147 294 23 34.5 0.273132
BL2274-622 0.3 0.22 147 294 23 29.74 0.273132
BL2274-622 0.3 0.22 147 294 23 35.17 0.273132
BL2274-622 0.3 0.22 147 294 23 33.43 0.273132
BL2275-458 0.1 0.19 111 303 16 27.79 0.235439
BL2275-458 0.1 0.19 111 303 16 31.5 0.235439
BL2275-458 0.1 0.19 111 303 16 33.29 0.235439
BL2275-458 0.1 0.19 111 303 16 25.92 0.235439
BL2275-458 0.1 0.19 111 303 16 27.79 0.235439
BL2301-355 0.2 0.17 93 265 16 25.24 0.170471
BL2301-355 0.2 0.17 93 265 16 24.11 0.170471
BL2301-355 0.2 0.17 93 265 16 20.4 0.170471
BL2301-355 0.2 0.17 93 265 16 21.59 0.170471
BL2302-650 0.3 0.19 92 279 16 23.95 0.177217
BL2302-650 0.3 0.19 92 279 16 25.01 0.177217
BL2302-650 0.3 0.19 92 279 16 25.01 0.177217
BL2302-650 0.3 0.19 92 279 16 20.97 0.177217
BL2302-661 0.2 0.19 130 357 17 29.55 0.247809
BL2302-661 0.2 0.19 130 357 17 26.78 0.247809
BL2302-661 0.2 0.19 130 357 17 34.36 0.247809
BL2302-661 0.2 0.19 130 357 17 33.18 0.247809
BL2302-661 0.2 0.19 130 357 17 33.18 0.247809
BL2311-1089 0.4 0.25 96 216 18 21.73 0.222583
BL2311-1089 0.4 0.25 96 216 18 27.37 0.222583
BL2311-1089 0.4 0.25 96 216 18 29.42 0.222583
BL2311-1089 0.4 0.25 96 216 18 29.42 0.222583
BL2322-726 0.5 0.18 104 406 15 20.23 0.185215
BL2322-726 0.5 0.18 104 406 15 23.98 0.185215
BL2322-726 0.5 0.18 104 406 15 23.98 0.185215
BL2322-726 0.5 0.18 104 406 15 25.52 0.185215
BL2327-619 0.3 0.25 135 292 15 26.03 0.203354
BL2327-619 0.3 0.25 135 292 15 21.88 0.203354
BL2327-619 0.3 0.25 135 292 15 26.73 0.203354
BL2327-619 0.3 0.25 135 292 15 26.03 0.203354
BL2327-627 0.2 0.21 113 320 22 32.15 0.239539
BL2327-627 0.2 0.21 113 320 22 30.61 0.239539
BL2327-627 0.2 0.21 113 320 22 28.39 0.239539
BL2327-627 0.2 0.21 113 320 22 28.17 0.239539
BL2327-627 0.2 0.21 113 320 22 25.51 0.239539
BL2338-1035 0.6 0.19 105 354 13 24.66 0.200939
BL2338-1035 0.6 0.19 105 354 13 24.66 0.200939
BL2338-1035 0.6 0.19 105 354 13 20.28 0.200939
BL2338-1035 0.6 0.19 105 354 13 25.5 0.200939
BL2338-1056 0.6 0.24 132 347 17 29.75 0.251812
BL2338-1056 0.6 0.24 132 347 17 24.66 0.251812
BL2338-1056 0.6 0.24 132 347 17 28.62 0.251812
BL2338-1056 0.6 0.24 132 347 17 29.75 0.251812
BL2338-1056 0.6 0.24 132 347 17 26.31 0.251812
BL2342-895 0.2 0.19 127 362 17 26.8 0.225953
BL2342-895 0.2 0.19 127 362 17 27.49 0.225953
BL2342-895 0.2 0.19 127 362 17 20.71 0.225953
BL2342-895 0.2 0.19 127 362 17 27.49 0.225953
BL2342-916 0.4 0.2 147 383 18 30.28 0.206527
BL2342-916 0.4 0.2 147 383 18 30.28 0.206527
BL2342-916 0.4 0.2 147 383 18 24.41 0.206527
BL2342-916 0.4 0.2 147 383 18 29.16 0.206527
BL2342-916 0.4 0.2 147 383 18 27.32 0.206527
BL2358-1288 0.4 0.21 113 359 23 24.35 0.183163
BL2358-1288 0.4 0.21 113 359 23 24.35 0.183163
BL2358-1288 0.4 0.21 113 359 23 24.12 0.183163
BL2358-1288 0.4 0.21 113 359 23 20.21 0.183163
BL2359-881 0.2 0.21 105 370 16 20.72 0.142425
BL2359-881 0.2 0.21 105 370 16 22.82 0.142425
BL2359-881 0.2 0.21 105 370 16 22.82 0.142425
BL2359-881 0.2 0.21 105 370 16 19.33 0.142425
BL2378-966 0.18 0.217 100.4 421.6 21 26.67 0.158827
BL2378-966 0.18 0.217 100.4 421.6 21 26.67 0.158827
BL2378-966 0.18 0.217 100.4 421.6 21 33.22 0.158827
BL2378-966 0.18 0.217 100.4 421.6 21 30.39 0.158827
BL2378-966 0.18 0.217 100.4 421.6 21 32.32 0.158827
BL2388-1235 0.2 0.2 137 426 18 31.29 0.262909
BL2388-1235 0.2 0.2 137 426 18 31.21 0.262909
BL2388-1235 0.2 0.2 137 426 18 23.96 0.262909
BL2388-1235 0.2 0.2 137 426 18 31.21 0.262909
BL2388-1247 0.2 0.12 121 292 27 27.36 0.103365
BL2388-1247 0.2 0.12 121 292 27 27.27 0.103365
BL2388-1247 0.2 0.12 121 292 27 23.35 0.103365
BL2388-1247 0.2 0.12 121 292 27 29.32 0.103365
BL2388-1247 0.2 0.12 121 292 27 29.32 0.103365
BL2396-748 0.1 0.19 99 324 15 34.63 0.224019
BL2396-748 0.1 0.19 99 324 15 27.63 0.224019
BL2396-748 0.1 0.19 99 324 15 30.9 0.224019
BL2396-748 0.1 0.19 99 324 15 27.74 0.224019
BL2396-748 0.1 0.19 99 324 15 34.63 0.224019
BL2405-677 0.4 0.25 101 358 18 24.63 0.160016
BL2405-677 0.4 0.25 101 358 18 24.63 0.160016
BL2405-677 0.4 0.25 101 358 18 21.34 0.160016
BL2405-677 0.4 0.25 101 358 18 25.6 0.160016
BL2405-702 0.3 0.25 117 321 18 29.32 0.140018
BL2405-702 0.3 0.25 117 321 18 29.15 0.140018
BL2405-702 0.3 0.25 117 321 18 27.03 0.140018
BL2405-702 0.3 0.25 117 321 18 26.17 0.140018
BL2405-702 0.3 0.25 117 321 18 29.15 0.140018
BL2410-1173 0.2 0.22 111 267 13 27.04 0.199735
BL2410-1173 0.2 0.22 111 267 13 27.28 0.199735
BL2410-1173 0.2 0.22 111 267 13 23.32 0.199735
BL2410-1173 0.2 0.22 111 267 13 26.6 0.199735
BL2410-1197 0.5 0.24 89 294 17 26.65 0.149383
BL2410-1197 0.5 0.24 89 294 17 29.12 0.149383
BL2410-1197 0.5 0.24 89 294 17 29.12 0.149383
BL2410-1197 0.5 0.24 89 294 17 29.22 0.149383
BL2410-1197 0.5 0.24 89 294 17 25.82 0.149383
BL2424-1238 0.3 0.11 54 214 21 23.92 0.192826
BL2424-1238 0.3 0.11 54 214 21 20.88 0.192826
BL2424-1238 0.3 0.11 54 214 21 23.92 0.192826
BL2424-1238 0.3 0.11 54 214 21 25.12 0.192826
BL2424-1239 0.2 0.16 99 355 19 23.13 0.219649
BL2424-1239 0.2 0.16 99 355 19 27.9 0.219649
BL2424-1239 0.2 0.16 99 355 19 28.89 0.219649
BL2424-1239 0.2 0.16 99 355 19 28.89 0.219649
BL2453-953 0.7 0.21 152 330 17 28.63 0.247408
BL2453-953 0.7 0.21 152 330 17 21.1 0.247408
BL2453-953 0.7 0.21 152 330 17 26.53 0.247408
BL2453-953 0.7 0.21 152 330 17 21.1 0.247408
BL2453-965 0.3 0.24 154 335 20 24.9 0.185875
BL2453-965 0.3 0.24 154 335 20 23.57 0.185875
BL2453-965 0.3 0.24 154 335 20 23.57 0.185875
BL2453-965 0.3 0.24 154 335 20 26.34 0.185875
BL2453-965 0.3 0.24 154 335 20 27.87 0.185875
BL2455-613 0.3 0.22 92 375 16 23.14 0.185731
BL2455-613 0.3 0.22 92 375 16 23.14 0.185731
BL2455-613 0.3 0.22 92 375 16 18.87 0.185731
BL2455-613 0.3 0.22 92 375 16 23.74 0.185731
BL2455-633 0.4 0.19 147 341 19 32.47 0.245416
BL2455-633 0.4 0.19 147 341 19 27.75 0.245416
BL2455-633 0.4 0.19 147 341 19 26.64 0.245416
BL2455-633 0.4 0.19 147 341 19 33.26 0.245416
BL2455-633 0.4 0.19 147 341 19 32.47 0.245416
BL2459-1502 0.3 0.21 106 391 20 20.71 0.169175
BL2459-1502 0.3 0.21 106 391 20 28.92 0.169175
BL2459-1502 0.3 0.21 106 391 20 27.43 0.169175
BL2459-1502 0.3 0.21 106 391 20 28.92 0.169175
BL2459-1517 0.3 0.24 157 401 23 33.71 0.215308
BL2459-1517 0.3 0.24 157 401 23 27.58 0.215308
BL2459-1517 0.3 0.24 157 401 23 27.58 0.215308
BL2459-1517 0.3 0.24 157 401 23 30.43 0.215308
BL2459-1517 0.3 0.24 157 401 23 32.89 0.215308
BL2475-1563 0.2 0.247 105.7 412.5 23 25.27 0.202896
BL2475-1563 0.2 0.247 105.7 412.5 23 22.62 0.202896
BL2475-1563 0.2 0.247 105.7 412.5 23 25.52 0.202896
BL2475-1563 0.2 0.247 105.7 412.5 23 25.52 0.202896
BL2475-1573 0.32 0.254 164.8 386.9 26 28.85 0.22795
BL2475-1573 0.32 0.254 164.8 386.9 26 34.16 0.22795
BL2475-1573 0.32 0.254 164.8 386.9 26 34.16 0.22795
BL2475-1573 0.32 0.254 164.8 386.9 26 27.4 0.22795
BL2475-1573 0.32 0.254 164.8 386.9 26 31.72 0.22795
BL2476-1243 0.2 0.23 89 341 20 25.24 0.212989
BL2476-1243 0.2 0.23 89 341 20 24.08 0.212989
BL2476-1243 0.2 0.23 89 341 20 19.43 0.212989
BL2476-1243 0.2 0.23 89 341 20 25.08 0.212989
BL2476-1253 0.2 0.22 132 316 27 26.89 0.149201
BL2476-1253 0.2 0.22 132 316 27 26.89 0.149201
BL2476-1253 0.2 0.22 132 316 27 22.27 0.149201
BL2476-1253 0.2 0.22 132 316 27 23.76 0.149201
BL2476-1253 0.2 0.22 132 316 27 25.25 0.149201
BL2489-1217 0.5 0.19 86 304 18 22.69 0.157588
BL2489-1217 0.5 0.19 86 304 18 19.79 0.157588
BL2489-1217 0.5 0.19 86 304 18 22.61 0.157588
BL2489-1217 0.5 0.19 86 304 18 22.69 0.157588
BL2489-1229 0.4 0.23 115 372 22 27.71 0.165713
BL2489-1229 0.4 0.23 115 372 22 28 0.165713
BL2489-1229 0.4 0.23 115 372 22 30.03 0.165713
BL2489-1229 0.4 0.23 115 372 22 24.87 0.165713
BL2489-1229 0.4 0.23 115 372 22 30.03 0.165713
BL2496-1487 0.3 0.18 111 311 12 24.88 0.164508
BL2496-1487 0.3 0.18 111 311 12 24.7 0.164508
BL2496-1487 0.3 0.18 111 311 12 20.58 0.164508
BL2496-1487 0.3 0.18 111 311 12 20.58 0.164508
BL2515-1396 0.2 0.19 113 391 15 26.55 0.231275
BL2515-1396 0.2 0.19 113 391 15 21.44 0.231275
BL2515-1396 0.2 0.19 113 391 15 27.11 0.231275
BL2515-1396 0.2 0.19 113 391 15 21.44 0.231275
BL2515-1409 0.3 0.23 160 346 24 30.16 0.231945
BL2515-1409 0.3 0.23 160 346 24 26.9 0.231945
BL2515-1409 0.3 0.23 160 346 24 31.61 0.231945
BL2515-1409 0.3 0.23 160 346 24 31.61 0.231945
BL2515-1409 0.3 0.23 160 346 24 25.5 0.231945
BL2529-1324 0.2 0.19 117 284 23 27.88 0.215595
BL2529-1324 0.2 0.19 117 284 23 29.37 0.215595
BL2529-1324 0.2 0.19 117 284 23 22.28 0.215595
BL2529-1324 0.2 0.19 117 284 23 29.37 0.215595
BL2531-854 0.3 0.23 170 399 27 24.08 0.15193
BL2531-854 0.3 0.23 170 399 27 20.32 0.15193
BL2531-854 0.3 0.23 170 399 27 23.26 0.15193
BL2531-854 0.3 0.23 170 399 27 20.32 0.15193
BL2531-859 0.3 0.19 140 407 22 33.07 0.220481
BL2531-859 0.3 0.19 140 407 22 34.16 0.220481
BL2531-859 0.3 0.19 140 407 22 30.14 0.220481
BL2531-859 0.3 0.19 140 407 22 27.69 0.220481
BL2531-859 0.3 0.19 140 407 22 34.16 0.220481
BL2533-1527 0.5 0.26 142 425 19 26.41 0.261145
BL2533-1527 0.5 0.26 142 425 19 24.55 0.261145
BL2533-1527 0.5 0.26 142 425 19 26.41 0.261145
BL2533-1527 0.5 0.26 142 425 19 26.36 0.261145
BL2533-1528 0.6 0.24 154 426 22 22.65 0.196077
BL2533-1528 0.6 0.24 154 426 22 26.39 0.196077
BL2533-1528 0.6 0.24 154 426 22 26.98 0.196077
BL2533-1528 0.6 0.24 154 426 22 26.98 0.196077
BL2533-1528 0.6 0.24 154 426 22 24.92 0.196077
BL2535-1389 0.61 0.207 105.8 434.9 18 22.49 0.147295
BL2535-1389 0.61 0.207 105.8 434.9 18 22.87 0.147295
BL2535-1389 0.61 0.207 105.8 434.9 18 19.2 0.147295
BL2535-1389 0.61 0.207 105.8 434.9 18 22.49 0.147295
BL2535-1398 0.17 0.192 160.1 308.8 26 31.4 0.188938
BL2535-1398 0.17 0.192 160.1 308.8 26 31.03 0.188938
BL2535-1398 0.17 0.192 160.1 308.8 26 25.66 0.188938
BL2535-1398 0.17 0.192 160.1 308.8 26 30.91 0.188938
BL2535-1398 0.17 0.192 160.1 308.8 26 23.19 0.188938
BL2558-1429 0.7 0.16 122 342 18 25.63 0.184197
BL2558-1429 0.7 0.16 122 342 18 20.79 0.184197
BL2558-1429 0.7 0.16 122 342 18 20.79 0.184197
BL2558-1429 0.7 0.16 122 342 18 24.66 0.184197
BL2558-1445 0.2 0.17 155 406 23 26.58 0.257844
BL2558-1445 0.2 0.17 155 406 23 31.94 0.257844
BL2558-1445 0.2 0.17 155 406 23 27.85 0.257844
BL2558-1445 0.2 0.17 155 406 23 28.1 0.257844
BL2558-1445 0.2 0.17 155 406 23 31.06 0.257844
BL2874-1696 0.8 0.135 158.3 324.9 17 19.8 0.152522
BL2874-1696 0.8 0.135 158.3 324.9 17 23.58 0.152522
BL2874-1696 0.8 0.135 158.3 324.9 17 19.8 0.152522
BL2874-1696 0.8 0.135 158.3 324.9 17 24.37 0.152522
BL2928-1697 0.25 0.139 118.5 254.9 20 31.38 0.229671
BL2928-1697 0.25 0.139 118.5 254.9 20 31.65 0.229671
BL2928-1697 0.25 0.139 118.5 254.9 20 22.73 0.229671
BL2928-1697 0.25 0.139 118.5 254.9 20 22.73 0.229671
BL2928-1703 0.22 0.161 159.4 258.5 26 24.6 0.239295
BL2928-1703 0.22 0.161 159.4 258.5 26 33.29 0.239295
BL2928-1703 0.22 0.161 159.4 258.5 26 27.37 0.239295
BL2928-1703 0.22 0.161 159.4 258.5 26 34.35 0.239295
BL2928-1703 0.22 0.161 159.4 258.5 26 27.37 0.239295
BL2949-1602 0.18 0.261 115.4 464.3 18 21.61 0.125877
BL2949-1602 0.18 0.261 115.4 464.3 18 21.51 0.125877
BL2949-1602 0.18 0.261 115.4 464.3 18 18.57 0.125877
BL2949-1602 0.18 0.261 115.4 464.3 18 21.51 0.125877
BL2949-1626 0.23 0.239 121.1 347.8 30 24.53 0.151606
BL2949-1626 0.23 0.239 121.1 347.8 30 26.02 0.151606
BL2949-1626 0.23 0.239 121.1 347.8 30 19.24 0.151606
BL2949-1626 0.23 0.239 121.1 347.8 30 26.02 0.151606
BL2967-1806 0.19 0.213 127.8 264.2 20 23.02 0.169692
BL2967-1806 0.19 0.213 127.8 264.2 20 22.88 0.169692
BL2967-1806 0.19 0.213 127.8 264.2 20 23.02 0.169692
BL2967-1806 0.19 0.213 127.8 264.2 20 18.94 0.169692
BL2967-1808 0.22 0.198 147.1 230 23 22.36 0.182683
BL2967-1808 0.22 0.198 147.1 230 23 27.94 0.182683
BL2967-1808 0.22 0.198 147.1 230 23 27.13 0.182683
BL2967-1808 0.22 0.198 147.1 230 23 25.83 0.182683
BL2967-1808 0.22 0.198 147.1 230 23 27.94 0.182683
BL2967-1826 0.28 0.195 112.2 233.2 19 32.92 0.235491
BL2967-1826 0.28 0.195 112.2 233.2 19 29.2 0.235491
BL2967-1826 0.28 0.195 112.2 233.2 19 35.49 0.235491
BL2967-1826 0.28 0.195 112.2 233.2 19 34.75 0.235491
BL2967-1826 0.28 0.195 112.2 233.2 19 35.73 0.235491
BL2967-1827 0.34 0.239 109.4 300.1 18 31.43 0.148624
BL2967-1827 0.34 0.239 109.4 300.1 18 32 0.148624
BL2967-1827 0.34 0.239 109.4 300.1 18 25.81 0.148624
BL2967-1827 0.34 0.239 109.4 300.1 18 29.6 0.148624
BL2967-1827 0.34 0.239 109.4 300.1 18 31.17 0.148624
BL2970-1614 0.23 0.239 122.1 282.4 17 26.5 0.141267
BL2970-1614 0.23 0.239 122.1 282.4 17 21.14 0.141267
BL2970-1614 0.23 0.239 122.1 282.4 17 21.14 0.141267
BL2970-1614 0.23 0.239 122.1 282.4 17 25.25 0.141267
BL2970-1628 0.21 0.247 175.9 356.6 27 26.62 0.205232
BL2970-1628 0.21 0.247 175.9 356.6 27 31.82 0.205232
BL2970-1628 0.21 0.247 175.9 356.6 27 26.62 0.205232
BL2970-1628 0.21 0.247 175.9 356.6 27 28.47 0.205232
BL2970-1628 0.21 0.247 175.9 356.6 27 32.03 0.205232
BL2970-1650 0.19 0.241 118.3 365.4 18 25.72 0.194477
BL2970-1650 0.19 0.241 118.3 365.4 18 21.65 0.194477
BL2970-1650 0.19 0.241 118.3 365.4 18 26.07 0.194477
BL2970-1650 0.19 0.241 118.3 365.4 18 26.91 0.194477
BL3001-133 0.36 0.243 130.7 353.9 17 27.93 0.205185
BL3001-133 0.36 0.243 130.7 353.9 17 26.01 0.205185
BL3001-133 0.36 0.243 130.7 353.9 17 21.87 0.205185
BL3001-133 0.36 0.243 130.7 353.9 17 26.01 0.205185
BL3001-136 0.26 0.243 115.1 344.6 16 22.46 0.185934
BL3001-136 0.26 0.243 115.1 344.6 16 27.46 0.185934
BL3001-136 0.26 0.243 115.1 344.6 16 27.43 0.185934
BL3001-136 0.26 0.243 115.1 344.6 16 27.43 0.185934
BL3034-1564 0.25 0.247 107.7 372.1 18 20.94 0.151646
BL3034-1564 0.25 0.247 107.7 372.1 18 25.04 0.151646
BL3034-1564 0.25 0.247 107.7 372.1 18 25.74 0.151646
BL3034-1564 0.25 0.247 107.7 372.1 18 20.94 0.151646
BL3034-1583 0.23 0.261 153.7 306.3 29 29.81 0.105612
BL3034-1583 0.23 0.261 153.7 306.3 29 25.43 0.105612
BL3034-1583 0.23 0.261 153.7 306.3 29 27.5 0.105612
BL3034-1583 0.23 0.261 153.7 306.3 29 29.81 0.105612
BL3034-1583 0.23 0.261 153.7 306.3 29 28.9 0.105612
BL3070-1645 0.21 0.177 176.5 360.2 24 29.69 0.235706
BL3070-1645 0.21 0.177 176.5 360.2 24 26.93 0.235706
BL3070-1645 0.21 0.177 176.5 360.2 24 31.93 0.235706
BL3070-1645 0.21 0.177 176.5 360.2 24 33.57 0.235706
BL3070-1645 0.21 0.177 176.5 360.2 24 33.57 0.235706
BL3101-1738 0.2 0.22 157 397 19 31.07 0.198311
BL3101-1738 0.2 0.22 157 397 19 31.21 0.198311
BL3101-1738 0.2 0.22 157 397 19 31.21 0.198311
BL3101-1738 0.2 0.22 157 397 19 28.75 0.198311
BL3101-1738 0.2 0.22 157 397 19 27 0.198311
BL3102-1734 0.35 0.195 81.7 238.8 21 26.37 0.12133
BL3102-1734 0.35 0.195 81.7 238.8 21 26.37 0.12133
BL3102-1734 0.35 0.195 81.7 238.8 21 24.5 0.12133
BL3102-1734 0.35 0.195 81.7 238.8 21 21.99 0.12133
BL3129-109 0.18 0.161 104.6 292.8 13 25.95 0.176445
BL3129-109 0.18 0.161 104.6 292.8 13 26.6 0.176445
BL3129-109 0.18 0.161 104.6 292.8 13 22 0.176445
BL3129-109 0.18 0.161 104.6 292.8 13 27.06 0.176445
BL3129-112 0.23 0.175 131 317.8 15 25.69 0.198671
BL3129-112 0.23 0.175 131 317.8 15 24.4 0.198671
BL3129-112 0.23 0.175 131 317.8 15 25.77 0.198671
BL3129-112 0.23 0.175 131 317.8 15 20.39 0.198671
BL3129-116 0.33 0.168 73.9 245.1 12 27.18 0.179428
BL3129-116 0.33 0.168 73.9 245.1 12 26.02 0.179428
BL3129-116 0.33 0.168 73.9 245.1 12 26.02 0.179428
BL3129-116 0.33 0.168 73.9 245.1 12 21.95 0.179428
BL3129-121 0.26 0.204 161.3 414.3 24 31.54 0.191029
BL3129-121 0.26 0.204 161.3 414.3 24 31.07 0.191029
BL3129-121 0.26 0.204 161.3 414.3 24 29.47 0.191029
BL3129-121 0.26 0.204 161.3 414.3 24 32.36 0.191029
BL3129-121 0.26 0.204 161.3 414.3 24 26.19 0.191029
BL3131-1659 0.37 0.197 101.8 304.4 15 20.3 0.133469
BL3131-1659 0.37 0.197 101.8 304.4 15 20.56 0.133469
BL3131-1659 0.37 0.197 101.8 304.4 15 18.18 0.133469
BL3131-1659 0.37 0.197 101.8 304.4 15 20.3 0.133469
BL3131-1698 0.28 0.212 153.3 379.6 19 25.91 0.201195
BL3131-1698 0.28 0.212 153.3 379.6 19 25.91 0.201195
BL3131-1698 0.28 0.212 153.3 379.6 19 28.2 0.201195
BL3131-1698 0.28 0.212 153.3 379.6 19 30.2 0.201195
BL3131-1698 0.28 0.212 153.3 379.6 19 29.85 0.201195
BL3161-1672 0.32 0.276 168.2 392.6 24 26.84 0.237969
BL3161-1672 0.32 0.276 168.2 392.6 24 26.54 0.237969
BL3161-1672 0.32 0.276 168.2 392.6 24 29.77 0.237969
BL3161-1672 0.32 0.276 168.2 392.6 24 30.71 0.237969
BL3161-1672 0.32 0.276 168.2 392.6 24 30.71 0.237969
BL3175-1654 0.23 0.204 143 259.7 23 25.52 0.196242
BL3175-1654 0.23 0.204 143 259.7 23 21.94 0.196242
BL3175-1654 0.23 0.204 143 259.7 23 26.13 0.196242
BL3175-1654 0.23 0.204 143 259.7 23 26.13 0.196242
BL3181-1598 0.4 0.17 109 305 17 27.01 0.172913
BL3181-1598 0.4 0.17 109 305 17 22.35 0.172913
BL3181-1598 0.4 0.17 109 305 17 26.34 0.172913
BL3181-1598 0.4 0.17 109 305 17 22.35 0.172913
BL3181-1612 0.2 0.21 177 321 24 36.53 0.263845
BL3181-1612 0.2 0.21 177 321 24 30.39 0.263845
BL3181-1612 0.2 0.21 177 321 24 29.37 0.263845
BL3181-1612 0.2 0.21 177 321 24 35.68 0.263845
BL3181-1612 0.2 0.21 177 321 24 36.53 0.263845
BL3210-168 0.19 0.217 94.8 350.2 16 20.46 0.122983
BL3210-168 0.19 0.217 94.8 350.2 16 24.11 0.122983
BL3210-168 0.19 0.217 94.8 350.2 16 25.1 0.122983
BL3210-168 0.19 0.217 94.8 350.2 16 25.1 0.122983
BL3214-132 0.34 0.154 82.1 191.4 16 20.91 0.135875
BL3214-132 0.34 0.154 82.1 191.4 16 23.21 0.135875
BL3214-132 0.34 0.154 82.1 191.4 16 23.21 0.135875
BL3214-132 0.34 0.154 82.1 191.4 16 23.43 0.135875
BL3214-150 0.23 0.227 166.1 401.2 19 32.01 0.27376
BL3214-150 0.23 0.227 166.1 401.2 19 32.01 0.27376
BL3214-150 0.23 0.227 166.1 401.2 19 25.25 0.27376
BL3214-150 0.23 0.227 166.1 401.2 19 33.37 0.27376
BL3214-150 0.23 0.227 166.1 401.2 19 28.5 0.27376
BL3227-91 0.35 0.213 110.9 355.6 18 20.03 0.178753
BL3227-91 0.35 0.213 110.9 355.6 18 23.98 0.178753
BL3227-91 0.35 0.213 110.9 355.6 18 24.2 0.178753
BL3227-91 0.35 0.213 110.9 355.6 18 24.2 0.178753
BL3234-15 0.27 0.217 132.9 323.5 16 25.65 0.175024
BL3234-15 0.27 0.217 132.9 323.5 16 20.4 0.175024
BL3234-15 0.27 0.217 132.9 323.5 16 26.55 0.175024
BL3234-15 0.27 0.217 132.9 323.5 16 26.55 0.175024
BL3234-16 0.18 0.217 105.6 296.9 22 20.97 0.141224
BL3234-16 0.18 0.217 105.6 296.9 22 21.26 0.141224
BL3234-16 0.18 0.217 105.6 296.9 22 17.45 0.141224
BL3234-16 0.18 0.217 105.6 296.9 22 20.97 0.141224
BL3234-25 0.25 0.181 94.7 216.3 24 26.75 0.13135
BL3234-25 0.25 0.181 94.7 216.3 24 31.28 0.13135
BL3234-25 0.25 0.181 94.7 216.3 24 31.28 0.13135
BL3234-25 0.25 0.181 94.7 216.3 24 30.25 0.13135
BL3234-25 0.25 0.181 94.7 216.3 24 27.61 0.13135
BL3234-28 0.19 0.181 124.1 259.7 24 28.53 0.124755
BL3234-28 0.19 0.181 124.1 259.7 24 28.34 0.124755
BL3234-28 0.19 0.181 124.1 259.7 24 26.9 0.124755
BL3234-28 0.19 0.181 124.1 259.7 24 25.98 0.124755
BL3234-28 0.19 0.181 124.1 259.7 24 28.53 0.124755
BL3281-201 0.18 0.181 204.4 384.4 24 26.82 0.24301
BL3281-201 0.18 0.181 204.4 384.4 24 33.23 0.24301
BL3281-201 0.18 0.181 204.4 384.4 24 29.18 0.24301
BL3281-201 0.18 0.181 204.4 384.4 24 33.94 0.24301
BL3281-201 0.18 0.181 204.4 384.4 24 33.52 0.24301
BL3283-270 0.28 0.18 83.3 254.5 17 23.64 0.196155
BL3283-270 0.28 0.18 83.3 254.5 17 29.31 0.196155
BL3283-270 0.28 0.18 83.3 254.5 17 26.53 0.196155
BL3283-270 0.28 0.18 83.3 254.5 17 29.31 0.196155
BL3283-271 0.19 0.195 117.1 297.4 18 25.89 0.207654
BL3283-271 0.19 0.195 117.1 297.4 18 22.12 0.207654
BL3283-271 0.19 0.195 117.1 297.4 18 26.3 0.207654
BL3283-271 0.19 0.195 117.1 297.4 18 26.3 0.207654
BL3283-279 0.27 0.217 171.7 381.9 23 31.24 0.249119
BL3283-279 0.27 0.217 171.7 381.9 23 31.24 0.249119
BL3283-279 0.27 0.217 171.7 381.9 23 28.74 0.249119
BL3283-279 0.27 0.217 171.7 381.9 23 26.8 0.249119
BL3283-279 0.27 0.217 171.7 381.9 23 30.32 0.249119
BL3283-280 0.23 0.202 165.1 362.2 22 31.38 0.251415
BL3283-280 0.23 0.202 165.1 362.2 22 32.29 0.251415
BL3283-280 0.23 0.202 165.1 362.2 22 30.9 0.251415
BL3283-280 0.23 0.202 165.1 362.2 22 31.38 0.251415
BL3283-280 0.23 0.202 165.1 362.2 22 33.65 0.251415
BL3290-217 0.22 0.212 121 313.2 17 24.45 0.149869
BL3290-217 0.22 0.212 121 313.2 17 24.17 0.149869
BL3290-217 0.22 0.212 121 313.2 17 19.9 0.149869
BL3290-217 0.22 0.212 121 313.2 17 23.31 0.149869
BL3290-218 0.23 0.139 120.5 365.2 19 28.15 0.218793
BL3290-218 0.23 0.139 120.5 365.2 19 28.05 0.218793
BL3290-218 0.23 0.139 120.5 365.2 19 22.56 0.218793
BL3290-218 0.23 0.139 120.5 365.2 19 28.56 0.218793
BL3290-234 0.19 0.205 110.3 295.6 16 22.36 0.122656
BL3290-234 0.19 0.205 110.3 295.6 16 22.36 0.122656
BL3290-234 0.19 0.205 110.3 295.6 16 22.63 0.122656
BL3290-234 0.19 0.205 110.3 295.6 16 19.88 0.122656
BL3290-248 0.18 0.198 126.7 316.8 18 26 0.18774
BL3290-248 0.18 0.198 126.7 316.8 18 28.92 0.18774
BL3290-248 0.18 0.198 126.7 316.8 18 30.02 0.18774
BL3290-248 0.18 0.198 126.7 316.8 18 30.02 0.18774
BL3290-248 0.18 0.198 126.7 316.8 18 25.1 0.18774
BL3311-140 0.6 0.254 126.7 397 17 23.47 0.150736
BL3311-140 0.6 0.254 126.7 397 17 23.47 0.150736
BL3311-140 0.6 0.254 126.7 397 17 25.31 0.150736
BL3311-140 0.6 0.254 126.7 397 17 25.46 0.150736
BL3311-143 0.54 0.202 147.3 412.9 18 28.81 0.25359
BL3311-143 0.54 0.202 147.3 412.9 18 20.5 0.25359
BL3311-143 0.54 0.202 147.3 412.9 18 20.5 0.25359
BL3311-143 0.54 0.202 147.3 412.9 18 27.87 0.25359
BL3311-145 0.24 0.247 144.4 452.1 31 24.14 0.164719
BL3311-145 0.24 0.247 144.4 452.1 31 24.9 0.164719
BL3311-145 0.24 0.247 144.4 452.1 31 28.47 0.164719
BL3311-145 0.24 0.247 144.4 452.1 31 27.9 0.164719
BL3311-145 0.24 0.247 144.4 452.1 31 24.14 0.164719
BL3374-126 0.23 0.199 109.4 308.6 20 24.84 0.1835
BL3374-126 0.23 0.199 109.4 308.6 20 21.26 0.1835
BL3374-126 0.23 0.199 109.4 308.6 20 25.74 0.1835
BL3374-126 0.23 0.199 109.4 308.6 20 24.84 0.1835
BL3374-127 0.23 0.199 168 324.4 25 35.09 0.199316
BL3374-127 0.23 0.199 168 324.4 25 32.34 0.199316
BL3374-127 0.23 0.199 168 324.4 25 30.98 0.199316
BL3374-127 0.23 0.199 168 324.4 25 35.09 0.199316
BL3374-127 0.23 0.199 168 324.4 25 28.03 0.199316
BL3424-119 0.36 0.241 112.2 468.5 20 24.18 0.217991
BL3424-119 0.36 0.241 112.2 468.5 20 20.56 0.217991
BL3424-119 0.36 0.241 112.2 468.5 20 24.7 0.217991
BL3424-119 0.36 0.241 112.2 468.5 20 24.18 0.217991
BL3424-127 0.23 0.219 177 366.4 26 33.65 0.241132
BL3424-127 0.23 0.219 177 366.4 26 33.65 0.241132
BL3424-127 0.23 0.219 177 366.4 26 31.77 0.241132
BL3424-127 0.23 0.219 177 366.4 26 26.57 0.241132
BL3424-127 0.23 0.219 177 366.4 26 29 0.241132
BL3426-191 0.21 0.192 93.5 329.5 14 23.45 0.138843
BL3426-191 0.21 0.192 93.5 329.5 14 23.45 0.138843
BL3426-191 0.21 0.192 93.5 329.5 14 23.25 0.138843
BL3426-191 0.21 0.192 93.5 329.5 14 19.76 0.138843
BL3426-214 0.19 0.182 125.4 341.2 14 24.42 0.214574
BL3426-214 0.19 0.182 125.4 341.2 14 20.52 0.214574
BL3426-214 0.19 0.182 125.4 341.2 14 24.2 0.214574
BL3426-214 0.19 0.182 125.4 341.2 14 24.42 0.214574
BL3479-145 0.26 0.174 83.7 199.8 18 26.03 0.167027
BL3479-145 0.26 0.174 83.7 199.8 18 26.03 0.167027
BL3479-145 0.26 0.174 83.7 199.8 18 20.29 0.167027
BL3479-145 0.26 0.174 83.7 199.8 18 23.93 0.167027
BL3479-149 0.19 0.167 115 255 26 20.62 0.17435
BL3479-149 0.19 0.167 115 255 26 26.7 0.17435
BL3479-149 0.19 0.167 115 255 26 26.7 0.17435
BL3479-149 0.19 0.167 115 255 26 23.53 0.17435
BL3479-158 0.27 0.153 102.6 197.8 19 25.85 0.155937
BL3479-158 0.27 0.153 102.6 197.8 19 28.6 0.155937
BL3479-158 0.27 0.153 102.6 197.8 19 24.27 0.155937
BL3479-158 0.27 0.153 102.6 197.8 19 27.42 0.155937
BL3479-158 0.27 0.153 102.6 197.8 19 26.19 0.155937
BL3485-216 0.2 0.221 119.4 394.2 20 25.75 0.184097
BL3485-216 0.2 0.221 119.4 394.2 20 25.99 0.184097
BL3485-216 0.2 0.221 119.4 394.2 20 21.3 0.184097
BL3485-216 0.2 0.221 119.4 394.2 20 25.75 0.184097
BL3485-222 0.53 0.214 120.6 339.9 17 23.45 0.143497
BL3485-222 0.53 0.214 120.6 339.9 17 23.27 0.143497
BL3485-222 0.53 0.214 120.6 339.9 17 19.99 0.143497
BL3485-222 0.53 0.214 120.6 339.9 17 23.27 0.143497
BL3485-223 0.19 0.236 115.7 372.2 19 25.82 0.18509
BL3485-223 0.19 0.236 115.7 372.2 19 20.69 0.18509
BL3485-223 0.19 0.236 115.7 372.2 19 23.72 0.18509
BL3485-223 0.19 0.236 115.7 372.2 19 25.82 0.18509
BL3486-182 0.17 0.272 125.3 358.9 18 22.8 0.166145
BL3486-182 0.17 0.272 125.3 358.9 18 23.01 0.166145
BL3486-182 0.17 0.272 125.3 358.9 18 19.47 0.166145
BL3486-182 0.17 0.272 125.3 358.9 18 22.8 0.166145
BL3487-127 0.2 0.22 174.6 485.4 20 36.54 0.325377
BL3487-127 0.2 0.22 174.6 485.4 20 41.95 0.325377
BL3487-127 0.2 0.22 174.6 485.4 20 33.97 0.325377
BL3487-127 0.2 0.22 174.6 485.4 20 40.67 0.325377
BL3487-127 0.2 0.22 174.6 485.4 20 40.67 0.325377
BL3519-224 0.19 0.187 117.6 303.8 20 25.17 0.152635
BL3519-224 0.19 0.187 117.6 303.8 20 20.79 0.152635
BL3519-224 0.19 0.187 117.6 303.8 20 24.86 0.152635
BL3519-224 0.19 0.187 117.6 303.8 20 24.86 0.152635
BL3519-232 0.18 0.187 139.7 287.3 24 26.66 0.203846
BL3519-232 0.18 0.187 139.7 287.3 24 28.52 0.203846
BL3519-232 0.18 0.187 139.7 287.3 24 31.05 0.203846
BL3519-232 0.18 0.187 139.7 287.3 24 31.05 0.203846
BL3519-232 0.18 0.187 139.7 287.3 24 24.78 0.203846
BL3559-156 0.27 0.169 78.4 235.2 18 25.08 0.145999
BL3559-156 0.27 0.169 78.4 235.2 18 25.82 0.145999
BL3559-156 0.27 0.169 78.4 235.2 18 20.44 0.145999
BL3559-156 0.27 0.169 78.4 235.2 18 20.44 0.145999
BL3559-158 0.26 0.177 96.6 233 20 26.9 0.19328
BL3559-158 0.26 0.177 96.6 233 20 31.24 0.19328
BL3559-158 0.26 0.177 96.6 233 20 31.39 0.19328
BL3559-158 0.26 0.177 96.6 233 20 32.05 0.19328
BL3559-158 0.26 0.177 96.6 233 20 26.9 0.19328
BL3579-165 0.11 0.149 125.8 240.2 28 28.24 0.220171
BL3579-165 0.11 0.149 125.8 240.2 28 32.7 0.220171
BL3579-165 0.11 0.149 125.8 240.2 28 32.36 0.220171
BL3579-165 0.11 0.149 125.8 240.2 28 34.61 0.220171
BL3579-165 0.11 0.149 125.8 240.2 28 32.35 0.220171
BL3579-166 0.17 0.193 158.3 264.4 26 35.02 0.228948
BL3579-166 0.17 0.193 158.3 264.4 26 28.09 0.228948
BL3579-166 0.17 0.193 158.3 264.4 26 27.16 0.228948
BL3579-166 0.17 0.193 158.3 264.4 26 31.14 0.228948
BL3579-166 0.17 0.193 158.3 264.4 26 33.75 0.228948
BL3586-153 0.15 0.131 106.2 310.5 16 28.8 0.196726
BL3586-153 0.15 0.131 106.2 310.5 16 28.8 0.196726
BL3586-153 0.15 0.131 106.2 310.5 16 21.95 0.196726
BL3586-153 0.15 0.131 106.2 310.5 16 25.93 0.196726
BL3586-157 0.18 0.244 178.1 347.1 23 28.75 0.279417
BL3586-157 0.18 0.244 178.1 347.1 23 31.16 0.279417
BL3586-157 0.18 0.244 178.1 347.1 23 35.26 0.279417
BL3586-157 0.18 0.244 178.1 347.1 23 34.73 0.279417
BL3586-157 0.18 0.244 178.1 347.1 23 35.26 0.279417
BL3596-105 0.18 0.281 108.8 513 18 25.27 0.223729
BL3596-105 0.18 0.281 108.8 513 18 20.95 0.223729
BL3596-105 0.18 0.281 108.8 513 18 26.04 0.223729
BL3596-105 0.18 0.281 108.8 513 18 25.27 0.223729
BL3596-106 0.18 0.225 107.1 406.8 15 26.32 0.225216
BL3596-106 0.18 0.225 107.1 406.8 15 25.69 0.225216
BL3596-106 0.18 0.225 107.1 406.8 15 21.06 0.225216
BL3596-106 0.18 0.225 107.1 406.8 15 26.32 0.225216
BL3596-112 0.18 0.193 179.8 279.7 19 34.83 0.313708
BL3596-112 0.18 0.193 179.8 279.7 19 28.57 0.313708
BL3596-112 0.18 0.193 179.8 279.7 19 33.44 0.313708
BL3596-112 0.18 0.193 179.8 279.7 19 34.83 0.313708
BL3596-112 0.18 0.193 179.8 279.7 19 30.38 0.313708
BL3596-113 0.18 0.169 173.8 319.9 19 31.68 0.291886
BL3596-113 0.18 0.169 173.8 319.9 19 32.64 0.291886
BL3596-113 0.18 0.169 173.8 319.9 19 38.13 0.291886
BL3596-113 0.18 0.169 173.8 319.9 19 32.03 0.291886
BL3596-113 0.18 0.169 173.8 319.9 19 39.35 0.291886
BL3596-128 0.19 0.225 195.7 348.1 19 37.76 0.25853
BL3596-128 0.19 0.225 195.7 348.1 19 26.88 0.25853
BL3596-128 0.19 0.225 195.7 348.1 19 32.31 0.25853
BL3596-128 0.19 0.225 195.7 348.1 19 37.76 0.25853
BL3596-128 0.19 0.225 195.7 348.1 19 28.44 0.25853
BL3605-204 0.23 0.271 105.4 454.2 16 25.2 0.226733
BL3605-204 0.23 0.271 105.4 454.2 16 22.6 0.226733
BL3605-204 0.23 0.271 105.4 454.2 16 26.19 0.226733
BL3605-204 0.23 0.271 105.4 454.2 16 25.2 0.226733
BL3605-214 0.2 0.248 172 288.2 27 27.99 0.250099
BL3605-214 0.2 0.248 172 288.2 27 32.45 0.250099
BL3605-214 0.2 0.248 172 288.2 27 32.45 0.250099
BL3605-214 0.2 0.248 172 288.2 27 31.77 0.250099
BL3605-214 0.2 0.248 172 288.2 27 27.9 0.250099
BL3605-220 0.22 0.256 164.2 368.2 25 33.12 0.261775
BL3605-220 0.22 0.256 164.2 368.2 25 33.73 0.261775
BL3605-220 0.22 0.256 164.2 368.2 25 33.73 0.261775
BL3605-220 0.22 0.256 164.2 368.2 25 26.78 0.261775
BL3605-220 0.22 0.256 164.2 368.2 25 28.32 0.261775
BL3611-284 0.21 0.238 101.8 346.9 24 27.99 0.241013
BL3611-284 0.21 0.238 101.8 346.9 24 31.44 0.241013
BL3611-284 0.21 0.238 101.8 346.9 24 27.99 0.241013
BL3611-284 0.21 0.238 101.8 346.9 24 32 0.241013
BL3615-94 0.22 0.257 131 365.8 20 24.05 0.184865
BL3615-94 0.22 0.257 131 365.8 20 24.98 0.184865
BL3615-94 0.22 0.257 131 365.8 20 24.98 0.184865
BL3615-94 0.22 0.257 131 365.8 20 20.26 0.184865
BL3654-176 0.22 0.167 114.5 300.4 17 25.9 0.204581
BL3654-176 0.22 0.167 114.5 300.4 17 25.94 0.204581
BL3654-176 0.22 0.167 114.5 300.4 17 25.94 0.204581
BL3654-176 0.22 0.167 114.5 300.4 17 19.93 0.204581
BL3654-182 0.2 0.167 175.4 325.4 17 35.31 0.252695
BL3654-182 0.2 0.167 175.4 325.4 17 35.31 0.252695
BL3654-182 0.2 0.167 175.4 325.4 17 33.37 0.252695
BL3654-182 0.2 0.167 175.4 325.4 17 31.74 0.252695
BL3654-182 0.2 0.167 175.4 325.4 17 28.92 0.252695
BL3667-184 0.17 0.194 157.4 309.9 20 25.94 0.181975
BL3667-184 0.17 0.194 157.4 309.9 20 23.51 0.181975
BL3667-184 0.17 0.194 157.4 309.9 20 27.91 0.181975
BL3667-184 0.17 0.194 157.4 309.9 20 29.1 0.181975
BL3667-184 0.17 0.194 157.4 309.9 20 29.1 0.181975
BL3685-107 0.22 0.202 113.8 300.4 18 24.71 0.174191
BL3685-107 0.22 0.202 113.8 300.4 18 25.68 0.174191
BL3685-107 0.22 0.202 113.8 300.4 18 20.7 0.174191
BL3685-107 0.22 0.202 113.8 300.4 18 20.7 0.174191
BL3736-179 0.2 0.197 112.5 314.2 16 21.03 0.173917
BL3736-179 0.2 0.197 112.5 314.2 16 21.92 0.173917
BL3736-179 0.2 0.197 112.5 314.2 16 26.05 0.173917
BL3736-179 0.2 0.197 112.5 314.2 16 26.15 0.173917
BL3736-196 0.25 0.216 194.2 373.8 20 26.48 0.279306
BL3736-196 0.25 0.216 194.2 373.8 20 34.12 0.279306
BL3736-196 0.25 0.216 194.2 373.8 20 28.27 0.279306
BL3736-196 0.25 0.216 194.2 373.8 20 34.9 0.279306
BL3736-196 0.25 0.216 194.2 373.8 20 29.67 0.279306
BL3747-147 0.22 0.22 121 290.2 17 25.4 0.151107
BL3747-147 0.22 0.22 121 290.2 17 24.3 0.151107
BL3747-147 0.22 0.22 121 290.2 17 25.4 0.151107
BL3747-147 0.22 0.22 121 290.2 17 21.73 0.151107
BL3752-195 0.15 0.209 117.3 300.4 22 24.05 0.148669
BL3752-195 0.15 0.209 117.3 300.4 22 24.85 0.148669
BL3752-195 0.15 0.209 117.3 300.4 22 21.68 0.148669
BL3752-195 0.15 0.209 117.3 300.4 22 24.66 0.148669
BL3752-195 0.15 0.209 117.3 300.4 22 24.05 0.148669
BL3762-198 0.21 0.224 159.6 301.4 26 32.21 0.269039
BL3762-198 0.21 0.224 159.6 301.4 26 34.35 0.269039
BL3762-198 0.21 0.224 159.6 301.4 26 28.27 0.269039
BL3762-198 0.21 0.224 159.6 301.4 26 29.4 0.269039
BL3762-198 0.21 0.224 159.6 301.4 26 34.35 0.269039
BL3798-158 0.21 0.188 128.7 267.5 20 24.52 0.22426
BL3798-158 0.21 0.188 128.7 267.5 20 25.29 0.22426
BL3798-158 0.21 0.188 128.7 267.5 20 19.18 0.22426
BL3798-158 0.21 0.188 128.7 267.5 20 25.29 0.22426
BL3802-136 0.15 0.16 141.7 334.4 18 23.73 0.203564
BL3802-136 0.15 0.16 141.7 334.4 18 26.87 0.203564
BL3802-136 0.15 0.16 141.7 334.4 18 26.87 0.203564
BL3802-136 0.15 0.16 141.7 334.4 18 21.13 0.203564
BL3802-136 0.15 0.16 141.7 334.4 18 26.35 0.203564
BL3802-137 0.17 0.153 138.8 305.8 22 29.74 0.223873
BL3802-137 0.17 0.153 138.8 305.8 22 28.7 0.223873
BL3802-137 0.17 0.153 138.8 305.8 22 28.7 0.223873
BL3802-137 0.17 0.153 138.8 305.8 22 26.88 0.223873
BL3802-137 0.17 0.153 138.8 305.8 22 23.68 0.223873
BL3802-141 0.15 0.168 118.6 284.7 18 29.23 0.19089
BL3802-141 0.15 0.168 118.6 284.7 18 23.56 0.19089
BL3802-141 0.15 0.168 118.6 284.7 18 27.06 0.19089
BL3802-141 0.15 0.168 118.6 284.7 18 29.23 0.19089
BL3802-141 0.15 0.168 118.6 284.7 18 28.74 0.19089
BL3802-142 0.21 0.218 101.9 254 21 24.06 0.140618
BL3802-142 0.21 0.218 101.9 254 21 21.57 0.140618
BL3802-142 0.21 0.218 101.9 254 21 25.75 0.140618
BL3802-142 0.21 0.218 101.9 254 21 25.75 0.140618
BL3802-143 0.19 0.218 99.1 308 20 22.04 0.129888
BL3802-143 0.19 0.218 99.1 308 20 23.35 0.129888
BL3802-143 0.19 0.218 99.1 308 20 20.21 0.129888
BL3802-143 0.19 0.218 99.1 308 20 23.35 0.129888
BL3825-236 0.3 0.195 82 269.6 15 30.05 0.195205
BL3825-236 0.3 0.195 82 269.6 15 30.03 0.195205
BL3825-236 0.3 0.195 82 269.6 15 24.09 0.195205
BL3825-236 0.3 0.195 82 269.6 15 29.67 0.195205
BL3825-244 0.19 0.211 171.4 345.8 24 32.45 0.233595
BL3825-244 0.19 0.211 171.4 345.8 24 25.74 0.233595
BL3825-244 0.19 0.211 171.4 345.8 24 24.04 0.233595
BL3825-244 0.19 0.211 171.4 345.8 24 30.4 0.233595
BL3825-244 0.19 0.211 171.4 345.8 24 32.45 0.233595
BL3825-245 0.2 0.219 182.3 302.1 21 30.68 0.241646
BL3825-245 0.2 0.219 182.3 302.1 21 26.04 0.241646
BL3825-245 0.2 0.219 182.3 302.1 21 30.83 0.241646
BL3825-245 0.2 0.219 182.3 302.1 21 27.46 0.241646
BL3825-245 0.2 0.219 182.3 302.1 21 31.24 0.241646
BL3866-157 0.29 0.221 79.1 282.1 19 23.06 0.128595
BL3866-157 0.29 0.221 79.1 282.1 19 22.77 0.128595
BL3866-157 0.29 0.221 79.1 282.1 19 23.06 0.128595
BL3866-157 0.29 0.221 79.1 282.1 19 19.6 0.128595
BL3866-158 0.21 0.237 96.4 289.6 18 19.25 0.159108
BL3866-158 0.21 0.237 96.4 289.6 18 22.57 0.159108
BL3866-158 0.21 0.237 96.4 289.6 18 22.57 0.159108
BL3866-158 0.21 0.237 96.4 289.6 18 22.36 0.159108
BL3866-159 0.31 0.221 102.2 341.3 16 21.27 0.152126
BL3866-159 0.31 0.221 102.2 341.3 16 21.6 0.152126
BL3866-159 0.31 0.221 102.2 341.3 16 21.6 0.152126
BL3866-159 0.31 0.221 102.2 341.3 16 18.21 0.152126
BL3866-162 0.23 0.261 112.4 315.8 17 22.65 0.155622
BL3866-162 0.23 0.261 112.4 315.8 17 22.46 0.155622
BL3866-162 0.23 0.261 112.4 315.8 17 20.54 0.155622
BL3866-162 0.23 0.261 112.4 315.8 17 22.65 0.155622
BL3866-163 0.32 0.253 82.6 266.4 16 25.54 0.214582
BL3866-163 0.32 0.253 82.6 266.4 16 26.35 0.214582
BL3866-163 0.32 0.253 82.6 266.4 16 26.35 0.214582
BL3866-163 0.32 0.253 82.6 266.4 16 20.96 0.214582
BL3866-167 0.22 0.188 130.9 296.9 18 25.8 0.184002
BL3866-167 0.22 0.188 130.9 296.9 18 29.65 0.184002
BL3866-167 0.22 0.188 130.9 296.9 18 26.55 0.184002
BL3866-167 0.22 0.188 130.9 296.9 18 31.15 0.184002
BL3866-167 0.22 0.188 130.9 296.9 18 31.15 0.184002
BL3866-168 0.2 0.196 128.1 323.3 23 30.03 0.203901
BL3866-168 0.2 0.196 128.1 323.3 23 31.28 0.203901
BL3866-168 0.2 0.196 128.1 323.3 23 24.48 0.203901
BL3866-168 0.2 0.196 128.1 323.3 23 31.28 0.203901
BL3866-168 0.2 0.196 128.1 323.3 23 25.78 0.203901
BL3866-169 0.3 0.172 91.3 216.8 21 26.96 0.159858
BL3866-169 0.3 0.172 91.3 216.8 21 24.76 0.159858
BL3866-169 0.3 0.172 91.3 216.8 21 26.96 0.159858
BL3866-169 0.3 0.172 91.3 216.8 21 23.34 0.159858
BL3866-169 0.3 0.172 91.3 216.8 21 27.65 0.159858
BL3866-172 0.29 0.18 100.1 245.4 16 27.64 0.213603
BL3866-172 0.29 0.18 100.1 245.4 16 34.58 0.213603
BL3866-172 0.29 0.18 100.1 245.4 16 34.58 0.213603
BL3866-172 0.29 0.18 100.1 245.4 16 25.6 0.213603
BL3866-172 0.29 0.18 100.1 245.4 16 32.14 0.213603
BL3866-173 0.29 0.196 97.5 283.9 16 25.82 0.220176
BL3866-173 0.29 0.196 97.5 283.9 16 33.39 0.220176
BL3866-173 0.29 0.196 97.5 283.9 16 32.74 0.220176
BL3866-173 0.29 0.196 97.5 283.9 16 33.39 0.220176
BL3866-173 0.29 0.196 97.5 283.9 16 28.26 0.220176
BL3866-175 0.19 0.188 126.4 267.9 18 26.82 0.164013
BL3866-175 0.19 0.188 126.4 267.9 18 27.61 0.164013
BL3866-175 0.19 0.188 126.4 267.9 18 25.29 0.164013
BL3866-175 0.19 0.188 126.4 267.9 18 27.61 0.164013
BL3866-175 0.19 0.188 126.4 267.9 18 23.73 0.164013
BL3866-176 0.23 0.212 138.3 414.8 19 27.22 0.191203
BL3866-176 0.23 0.212 138.3 414.8 19 31.06 0.191203
BL3866-176 0.23 0.212 138.3 414.8 19 30.16 0.191203
BL3866-176 0.23 0.212 138.3 414.8 19 31.06 0.191203
BL3866-176 0.23 0.212 138.3 414.8 19 26.61 0.191203
BL3866-179 0.25 0.136 109.7 303.3 17 22.89 0.273691
BL3866-179 0.25 0.136 109.7 303.3 17 27.42 0.273691
BL3866-179 0.25 0.136 109.7 303.3 17 22.89 0.273691
BL3866-179 0.25 0.136 109.7 303.3 17 27.73 0.273691
BL3866-180 0.24 0.173 90.8 263.6 16 26.74 0.191919
BL3866-180 0.24 0.173 90.8 263.6 16 21.45 0.191919
BL3866-180 0.24 0.173 90.8 263.6 16 26.14 0.191919
BL3866-180 0.24 0.173 90.8 263.6 16 21.45 0.191919
BL3866-183 0.27 0.165 106.2 254.8 19 32.84 0.247117
BL3866-183 0.27 0.165 106.2 254.8 19 26.33 0.247117
BL3866-183 0.27 0.165 106.2 254.8 19 33.28 0.247117
BL3866-183 0.27 0.165 106.2 254.8 19 29.42 0.247117
BL3866-183 0.27 0.165 106.2 254.8 19 26.33 0.247117
BL3866-186 0.29 0.247 110.8 362.7 17 27.3 0.183256
BL3866-186 0.29 0.247 110.8 362.7 17 22.31 0.183256
BL3866-186 0.29 0.247 110.8 362.7 17 26.18 0.183256
BL3866-186 0.29 0.247 110.8 362.7 17 22.31 0.183256
BL3872-310 0.32 0.202 79.7 250.2 14 21.87 0.161056
BL3872-310 0.32 0.202 79.7 250.2 14 24.58 0.161056
BL3872-310 0.32 0.202 79.7 250.2 14 24.87 0.161056
BL3872-310 0.32 0.202 79.7 250.2 14 21.87 0.161056
BL3877-248 0.21 0.246 120.7 375.6 18 23.01 0.28447
BL3877-248 0.21 0.246 120.7 375.6 18 29.98 0.28447
BL3877-248 0.21 0.246 120.7 375.6 18 29.67 0.28447
BL3877-248 0.21 0.246 120.7 375.6 18 29.98 0.28447
BL3877-256 0.3 0.202 96.7 256.9 19 33.34 0.304033
BL3877-256 0.3 0.202 96.7 256.9 19 40.62 0.304033
BL3877-256 0.3 0.202 96.7 256.9 19 30.22 0.304033
BL3877-256 0.3 0.202 96.7 256.9 19 39.94 0.304033
BL3877-256 0.3 0.202 96.7 256.9 19 39.94 0.304033
BL3877-377 0.2 0.264 92.6 382.5 18 22.01 0.160926
BL3877-377 0.2 0.264 92.6 382.5 18 26.1 0.160926
BL3877-377 0.2 0.264 92.6 382.5 18 26.1 0.160926
BL3877-377 0.2 0.264 92.6 382.5 18 25.77 0.160926
BL3926-367 0.2 0.24 168 300.3 21 25.05 0.194391
BL3926-367 0.2 0.24 168 300.3 21 31.2 0.194391
BL3926-367 0.2 0.24 168 300.3 21 24.28 0.194391
BL3926-367 0.2 0.24 168 300.3 21 24.28 0.194391
BL3926-367 0.2 0.24 168 300.3 21 29.83 0.194391
BL3938-240 0.27 0.248 132.9 280.2 26 27.66 0.213503
BL3938-240 0.27 0.248 132.9 280.2 26 29.36 0.213503
BL3938-240 0.27 0.248 132.9 280.2 26 22.42 0.213503
BL3938-240 0.27 0.248 132.9 280.2 26 29.36 0.213503
BL4029-162 0.52 0.224 118.6 321.5 14 19.11 0.157418
BL4029-162 0.52 0.224 118.6 321.5 14 22.08 0.157418
BL4029-162 0.52 0.224 118.6 321.5 14 22.71 0.157418
BL4029-162 0.52 0.224 118.6 321.5 14 22.08 0.157418
BL4029-172 0.27 0.268 159.6 311 23 30.61 0.227213
BL4029-172 0.27 0.268 159.6 311 23 28.1 0.227213
BL4029-172 0.27 0.268 159.6 311 23 29.6 0.227213
BL4029-172 0.27 0.268 159.6 311 23 25.24 0.227213
BL4029-172 0.27 0.268 159.6 311 23 30.61 0.227213
BL4074-146 0.18 0.187 100.1 316.6 19 19.58 0.154368
BL4074-146 0.18 0.187 100.1 316.6 19 17.43 0.154368
BL4074-146 0.18 0.187 100.1 316.6 19 19.78 0.154368
BL4074-146 0.18 0.187 100.1 316.6 19 19.78 0.154368
BL4074-147 0.32 0.223 82.1 455.1 23 20.52 0.128593
BL4074-147 0.32 0.223 82.1 455.1 23 20.64 0.128593
BL4074-147 0.32 0.223 82.1 455.1 23 20.64 0.128593
BL4074-147 0.32 0.223 82.1 455.1 23 18.27 0.128593
BL4074-162 0.25 0.175 86.1 224.3 15 30.24 0.16715
BL4074-162 0.25 0.175 86.1 224.3 15 29.9 0.16715
BL4074-162 0.25 0.175 86.1 224.3 15 24.08 0.16715
BL4074-162 0.25 0.175 86.1 224.3 15 27.63 0.16715
BL4074-162 0.25 0.175 86.1 224.3 15 24.08 0.16715
BL4074-163 0.17 0.213 120.5 312 22 28.87 0.197488
BL4074-163 0.17 0.213 120.5 312 22 24.01 0.197488
BL4074-163 0.17 0.213 120.5 312 22 24.01 0.197488
BL4074-163 0.17 0.213 120.5 312 22 28.79 0.197488
BL4074-163 0.17 0.213 120.5 312 22 25.9 0.197488
BL4206-100 0.51 0.228 148.9 314.7 23 28.53 0.223151
BL4206-100 0.51 0.228 148.9 314.7 23 28.13 0.223151
BL4206-100 0.51 0.228 148.9 314.7 23 26.9 0.223151
BL4206-100 0.51 0.228 148.9 314.7 23 28.13 0.223151
BL4206-100 0.51 0.228 148.9 314.7 23 24.53 0.223151
BL4206-86 0.26 0.213 122.9 322.7 18 19.47 0.215684
BL4206-86 0.26 0.213 122.9 322.7 18 23.83 0.215684
BL4206-86 0.26 0.213 122.9 322.7 18 23.83 0.215684
BL4206-86 0.26 0.213 122.9 322.7 18 22.02 0.215684
BL4206-91 0.22 0.197 156.2 302.2 22 32.95 0.209791
BL4206-91 0.22 0.197 156.2 302.2 22 26.44 0.209791
BL4206-91 0.22 0.197 156.2 302.2 22 31.24 0.209791
BL4206-91 0.22 0.197 156.2 302.2 22 32.95 0.209791
BL4206-91 0.22 0.197 156.2 302.2 22 28.08 0.209791
BL4206-96 0.25 0.228 104 335.6 20 19.89 0.189833
BL4206-96 0.25 0.228 104 335.6 20 23 0.189833
BL4206-96 0.25 0.228 104 335.6 20 23 0.189833
BL4206-96 0.25 0.228 104 335.6 20 23.63 0.189833
BL4265-101 0.23 0.131 104 246.5 19 23.34 0.126061
BL4265-101 0.23 0.131 104 246.5 19 26.08 0.126061
BL4265-101 0.23 0.131 104 246.5 19 27.46 0.126061
BL4265-101 0.23 0.131 104 246.5 19 23.99 0.126061
BL4265-101 0.23 0.131 104 246.5 19 25.36 0.126061
BL4276-194 0.27 0.228 128.9 334.4 15 25.97 0.181055
BL4276-194 0.27 0.228 128.9 334.4 15 20.75 0.181055
BL4276-194 0.27 0.228 128.9 334.4 15 24.96 0.181055
BL4276-194 0.27 0.228 128.9 334.4 15 25.97 0.181055
BL4276-201 0.21 0.198 172.5 377.8 21 24.97 0.25117
BL4276-201 0.21 0.198 172.5 377.8 21 30.09 0.25117
BL4276-201 0.21 0.198 172.5 377.8 21 31.57 0.25117
BL4276-201 0.21 0.198 172.5 377.8 21 27.28 0.25117
BL4276-201 0.21 0.198 172.5 377.8 21 31.57 0.25117
BL4280-109 0.22 0.203 149.9 312 20 29.99 0.22675
BL4280-109 0.22 0.203 149.9 312 20 28.86 0.22675
BL4280-109 0.22 0.203 149.9 312 20 23.37 0.22675
BL4280-109 0.22 0.203 149.9 312 20 27.89 0.22675
BL4280-109 0.22 0.203 149.9 312 20 25.72 0.22675
BL4280-111 0.21 0.218 139.4 325.1 19 24.86 0.23767
BL4280-111 0.21 0.218 139.4 325.1 19 31.32 0.23767
BL4280-111 0.21 0.218 139.4 325.1 19 29.12 0.23767
BL4280-111 0.21 0.218 139.4 325.1 19 31.6 0.23767
BL4280-111 0.21 0.218 139.4 325.1 19 29.72 0.23767
BL4363-110 0.2 0.181 139.1 289.5 22 29.87 0.175929
BL4363-110 0.2 0.181 139.1 289.5 22 31.68 0.175929
BL4363-110 0.2 0.181 139.1 289.5 22 26.95 0.175929
BL4363-110 0.2 0.181 139.1 289.5 22 26.92 0.175929
BL4363-110 0.2 0.181 139.1 289.5 22 24.72 0.175929
BL4363-111 0.19 0.181 134 300.5 28 26.48 0.166858
BL4363-111 0.19 0.181 134 300.5 28 31.64 0.166858
BL4363-111 0.19 0.181 134 300.5 28 30.78 0.166858
BL4363-111 0.19 0.181 134 300.5 28 28.42 0.166858
BL4363-111 0.19 0.181 134 300.5 28 28.94 0.166858
BL4366-142 0.24 0.197 115.4 276.5 24 19.46 0.14121
BL4366-142 0.24 0.197 115.4 276.5 24 23.68 0.14121
BL4366-142 0.24 0.197 115.4 276.5 24 22.55 0.14121
BL4366-142 0.24 0.197 115.4 276.5 24 23.68 0.14121
BL4366-143 0.26 0.189 102.3 339.4 24 18.66 0.163916
BL4366-143 0.26 0.189 102.3 339.4 24 23.82 0.163916
BL4366-143 0.26 0.189 102.3 339.4 24 21.91 0.163916
BL4366-143 0.26 0.189 102.3 339.4 24 23.82 0.163916
BL4366-149 0.2 0.167 167.1 296.8 27 26.56 0.247002
BL4366-149 0.2 0.167 167.1 296.8 27 35.5 0.247002
BL4366-149 0.2 0.167 167.1 296.8 27 31.83 0.247002
BL4366-149 0.2 0.167 167.1 296.8 27 32.52 0.247002
BL4366-149 0.2 0.167 167.1 296.8 27 35.5 0.247002
BL4366-150 0.22 0.197 160.1 304 30 29.53 0.16277
BL4366-150 0.22 0.197 160.1 304 30 35.03 0.16277
BL4366-150 0.22 0.197 160.1 304 30 25.58 0.16277
BL4366-150 0.22 0.197 160.1 304 30 35.03 0.16277
BL4366-150 0.22 0.197 160.1 304 30 30.44 0.16277
BL4448-117 0.25 0.165 82.5 285 18 24.34 0.153908
BL4448-117 0.25 0.165 82.5 285 18 21.67 0.153908
BL4448-117 0.25 0.165 82.5 285 18 24.05 0.153908
BL4448-117 0.25 0.165 82.5 285 18 24.05 0.153908
BL4448-118 0.24 0.195 102.1 413.3 19 23.9 0.12944
BL4448-118 0.24 0.195 102.1 413.3 19 20.93 0.12944
BL4448-118 0.24 0.195 102.1 413.3 19 24.04 0.12944
BL4448-118 0.24 0.195 102.1 413.3 19 24.04 0.12944
BL4448-121 0.22 0.143 154.3 271.1 25 32.49 0.183556
BL4448-121 0.22 0.143 154.3 271.1 25 28.22 0.183556
BL4448-121 0.22 0.143 154.3 271.1 25 30.14 0.183556
BL4448-121 0.22 0.143 154.3 271.1 25 32.49 0.183556
BL4448-121 0.22 0.143 154.3 271.1 25 25.12 0.183556
BL4448-122 0.36 0.113 162.2 340.2 27 34.52 0.224384
BL4448-122 0.36 0.113 162.2 340.2 27 31.49 0.224384
BL4448-122 0.36 0.113 162.2 340.2 27 34.52 0.224384
BL4448-122 0.36 0.113 162.2 340.2 27 29.04 0.224384
BL4448-122 0.36 0.113 162.2 340.2 27 34.02 0.224384
BL4539-175 0.32 0.15 114.8 250.8 22 31.82 0.140204
BL4539-175 0.32 0.15 114.8 250.8 22 31.82 0.140204
BL4539-175 0.32 0.15 114.8 250.8 22 28.16 0.140204
BL4539-175 0.32 0.15 114.8 250.8 22 32.46 0.140204
BL4539-175 0.32 0.15 114.8 250.8 22 30.81 0.140204
BL4539-176 0.18 0.165 124.5 276.8 25 21.56 0.105901
BL4539-176 0.18 0.165 124.5 276.8 25 24.5 0.105901
BL4539-176 0.18 0.165 124.5 276.8 25 24.57 0.105901
BL4539-176 0.18 0.165 124.5 276.8 25 24.69 0.105901
BL4539-176 0.18 0.165 124.5 276.8 25 24.57 0.105901
BL4583-102 0.28 0.235 149.2 382.3 18 21.86 0.205588
BL4583-102 0.28 0.235 149.2 382.3 18 26.75 0.205588
BL4583-102 0.28 0.235 149.2 382.3 18 28.12 0.205588
BL4583-102 0.28 0.235 149.2 382.3 18 26.75 0.205588
BL4583-105 0.22 0.191 156.7 349.3 25 29.31 0.188699
BL4583-105 0.22 0.191 156.7 349.3 25 25.59 0.188699
BL4583-105 0.22 0.191 156.7 349.3 25 23.72 0.188699
BL4583-105 0.22 0.191 156.7 349.3 25 27.08 0.188699
BL4583-105 0.22 0.191 156.7 349.3 25 29.31 0.188699
BL794-953 0.4 0.2 130 453 20 22.72 0.249375
BL794-953 0.4 0.2 130 453 20 26.91 0.249375
BL794-953 0.4 0.2 130 453 20 25.9 0.249375
BL794-953 0.4 0.2 130 453 20 25.9 0.249375
BL794-961 0.2 0.14 171 350 26 37 0.234775
BL794-961 0.2 0.14 171 350 26 36.55 0.234775
BL794-961 0.2 0.14 171 350 26 29.42 0.234775
BL794-961 0.2 0.14 171 350 26 34.34 0.234775
BL794-961 0.2 0.14 171 350 26 27.81 0.234775
BL988-1105 0.2 0.2 149 388 24 31.05 0.156178
BL988-1105 0.2 0.2 149 388 24 25.13 0.156178
BL988-1105 0.2 0.2 149 388 24 26.42 0.156178
BL988-1105 0.2 0.2 149 388 24 29.29 0.156178
BL988-1105 0.2 0.2 149 388 24 31.05 0.156178
BL988-1116 0.2 0.11 109 270 22 27.84 0.155343
BL988-1116 0.2 0.11 109 270 22 26.81 0.155343
BL988-1116 0.2 0.11 109 270 22 29.16 0.155343
BL988-1116 0.2 0.11 109 270 22 26.81 0.155343
BL988-1116 0.2 0.11 109 270 22 29.48 0.155343
ET3612-19 0.3 0.14 92 297 17 27.06 0.210877
ET3612-19 0.3 0.14 92 297 17 22.48 0.210877
ET3612-19 0.3 0.14 92 297 17 27.07 0.210877
ET3612-19 0.3 0.14 92 297 17 27.63 0.210877
ET3612-24 0.3 0.2 163 399 22 30.23 0.24165
ET3612-24 0.3 0.2 163 399 22 33.18 0.24165
ET3612-24 0.3 0.2 163 399 22 26.49 0.24165
ET3612-24 0.3 0.2 163 399 22 32.49 0.24165
ET3612-24 0.3 0.2 163 399 22 34.08 0.24165
ET4709-950 0.3 0.12 52 201 12 20.89 0.13565
ET4709-950 0.3 0.12 52 201 12 25.22 0.13565
ET4709-950 0.3 0.12 52 201 12 20.89 0.13565
ET4709-950 0.3 0.12 52 201 12 23.34 0.13565
ET5017-1064 0.17 0.18 97.7 296 23 27.25 0.185728
ET5017-1064 0.17 0.18 97.7 296 23 27.25 0.185728
ET5017-1064 0.17 0.18 97.7 296 23 26.74 0.185728
ET5017-1064 0.17 0.18 97.7 296 23 21.56 0.185728
ET5017-1073 0.23 0.311 185.3 545.4 27 36.46 0.26418
ET5017-1073 0.23 0.311 185.3 545.4 27 35.71 0.26418
ET5017-1073 0.23 0.311 185.3 545.4 27 31.65 0.26418
ET5017-1073 0.23 0.311 185.3 545.4 27 30.21 0.26418
ET5017-1073 0.23 0.311 185.3 545.4 27 36.46 0.26418
ET5017-1096 0.24 0.183 103 328.9 16 23.75 0.132732
ET5017-1096 0.24 0.183 103 328.9 16 23.99 0.132732
ET5017-1096 0.24 0.183 103 328.9 16 21.23 0.132732
ET5017-1096 0.24 0.183 103 328.9 16 23.75 0.132732
ET5625-1277 0.18 0.14 112.7 321.1 14 26.91 0.169177
ET5625-1277 0.18 0.14 112.7 321.1 14 28.12 0.169177
ET5625-1277 0.18 0.14 112.7 321.1 14 28.12 0.169177
ET5625-1277 0.18 0.14 112.7 321.1 14 22.23 0.169177
ET5625-1278 0.19 0.212 133 295.3 23 31.24 0.253344
ET5625-1278 0.19 0.212 133 295.3 23 32.5 0.253344
ET5625-1278 0.19 0.212 133 295.3 23 22.36 0.253344
ET5625-1278 0.19 0.212 133 295.3 23 32.5 0.253344
ET5625-1283 0.21 0.227 140.2 397.1 18 32.33 0.215333
ET5625-1283 0.21 0.227 140.2 397.1 18 28.37 0.215333
ET5625-1283 0.21 0.227 140.2 397.1 18 32.51 0.215333
ET5625-1283 0.21 0.227 140.2 397.1 18 32.33 0.215333
ET5625-1283 0.21 0.227 140.2 397.1 18 25.56 0.215333
ET5625-1286 0.65 0.169 96.8 269.5 20 27.12 0.150721
ET5625-1286 0.65 0.169 96.8 269.5 20 26.05 0.150721
ET5625-1286 0.65 0.169 96.8 269.5 20 22.82 0.150721
ET5625-1286 0.65 0.169 96.8 269.5 20 26.05 0.150721
ET5625-1286 0.65 0.169 96.8 269.5 20 24.72 0.150721
ET5625-1289 0.16 0.212 143.6 375 24 27.37 0.218025
ET5625-1289 0.16 0.212 143.6 375 24 29.89 0.218025
ET5625-1289 0.16 0.212 143.6 375 24 32.36 0.218025
ET5625-1289 0.16 0.212 143.6 375 24 33.42 0.218025
ET5625-1289 0.16 0.212 143.6 375 24 33.42 0.218025
ET6689-1796 0.47 0.184 107.8 400.8 17 21.7 0.18877
ET6689-1796 0.47 0.184 107.8 400.8 17 25.22 0.18877
ET6689-1796 0.47 0.184 107.8 400.8 17 25.22 0.18877
ET6689-1796 0.47 0.184 107.8 400.8 17 25.58 0.18877
ET6690-1611 0.17 0.249 180.5 469.9 22 39.1 0.286013
ET6690-1611 0.17 0.249 180.5 469.9 22 32.7 0.286013
ET6690-1611 0.17 0.249 180.5 469.9 22 39.78 0.286013
ET6690-1611 0.17 0.249 180.5 469.9 22 33.43 0.286013
ET6690-1611 0.17 0.249 180.5 469.9 22 37.35 0.286013
ET6691-1483 0.3 0.22 101 339 19 21.36 0.148426
ET6691-1483 0.3 0.22 101 339 19 21.36 0.148426
ET6691-1483 0.3 0.22 101 339 19 18.26 0.148426
ET6691-1483 0.3 0.22 101 339 19 20.79 0.148426
ET6713-1456 0.4 0.23 114 351 26 22.78 0.152698
ET6713-1456 0.4 0.23 114 351 26 24.75 0.152698
ET6713-1456 0.4 0.23 114 351 26 24.75 0.152698
ET6713-1456 0.4 0.23 114 351 26 26.46 0.152698
ET6713-1492 0.2 0.224 126 259.7 22 22.34 0.266068
ET6713-1492 0.2 0.224 126 259.7 22 22.34 0.266068
ET6713-1492 0.2 0.224 126 259.7 22 29.26 0.266068
ET6713-1492 0.2 0.224 126 259.7 22 29.58 0.266068
ET6713-1497 0.19 0.224 150.2 282.4 23 29.04 0.233941
ET6713-1497 0.19 0.224 150.2 282.4 23 24.09 0.233941
ET6713-1497 0.19 0.224 150.2 282.4 23 28.47 0.233941
ET6713-1497 0.19 0.224 150.2 282.4 23 24.09 0.233941
ET6713-1497 0.19 0.224 150.2 282.4 23 26.41 0.233941
ET6880-1691 0.23 0.161 118.8 298.6 14 25.03 0.209282
ET6880-1691 0.23 0.161 118.8 298.6 14 26.24 0.209282
ET6880-1691 0.23 0.161 118.8 298.6 14 21.52 0.209282
ET6880-1691 0.23 0.161 118.8 298.6 14 21.52 0.209282
ET6880-1692 0.23 0.161 117.6 343.6 16 21.06 0.214132
ET6880-1692 0.23 0.161 117.6 343.6 16 26.08 0.214132
ET6880-1692 0.23 0.161 117.6 343.6 16 27.25 0.214132
ET6880-1692 0.23 0.161 117.6 343.6 16 21.06 0.214132
ET6880-1700 0.26 0.144 99.6 354.6 20 24.23 0.188288
ET6880-1700 0.26 0.144 99.6 354.6 20 26.33 0.188288
ET6880-1700 0.26 0.144 99.6 354.6 20 20.65 0.188288
ET6880-1700 0.26 0.144 99.6 354.6 20 26.33 0.188288
ET7865-46 0.21 0.165 125.1 332.1 15 31.16 0.295049
ET7865-46 0.21 0.165 125.1 332.1 15 23.21 0.295049
ET7865-46 0.21 0.165 125.1 332.1 15 31.16 0.295049
ET7865-46 0.21 0.165 125.1 332.1 15 30.87 0.295049
ET7865-60 0.25 0.195 126.7 325.7 19 25.84 0.192826
ET7865-60 0.25 0.195 126.7 325.7 19 22.16 0.192826
ET7865-60 0.25 0.195 126.7 325.7 19 25.38 0.192826
ET7865-60 0.25 0.195 126.7 325.7 19 25.38 0.192826
ET7865-66 0.21 0.172 139.8 253.2 23 38.46 0.325332
ET7865-66 0.21 0.172 139.8 253.2 23 38.46 0.325332
ET7865-66 0.21 0.172 139.8 253.2 23 33.13 0.325332
ET7865-66 0.21 0.172 139.8 253.2 23 30.1 0.325332
ET7865-66 0.21 0.172 139.8 253.2 23 36.31 0.325332
ET7865-67 0.2 0.142 158.9 344.6 18 33.02 0.283062
ET7865-67 0.2 0.142 158.9 344.6 18 30.52 0.283062
ET7865-67 0.2 0.142 158.9 344.6 18 29.33 0.283062
ET7865-67 0.2 0.142 158.9 344.6 18 32.78 0.283062
ET7865-67 0.2 0.142 158.9 344.6 18 33.02 0.283062
ET7963-128 0.22 0.174 119.6 287.2 23 28.1 0.210832
ET7963-128 0.22 0.174 119.6 287.2 23 28.1 0.210832
ET7963-128 0.22 0.174 119.6 287.2 23 26.09 0.210832
ET7963-128 0.22 0.174 119.6 287.2 23 20.34 0.210832
ET7963-130 0.29 0.181 124.4 357.5 15 25.93 0.225425
ET7963-130 0.29 0.181 124.4 357.5 15 25.93 0.225425
ET7963-130 0.29 0.181 124.4 357.5 15 27.1 0.225425
ET7963-130 0.29 0.181 124.4 357.5 15 22.25 0.225425
ET7963-135 0.18 0.174 175.8 360.2 25 35.44 0.196979
ET7963-135 0.18 0.174 175.8 360.2 25 37.82 0.196979
ET7963-135 0.18 0.174 175.8 360.2 25 37.82 0.196979
ET7963-135 0.18 0.174 175.8 360.2 25 33.11 0.196979
ET7963-135 0.18 0.174 175.8 360.2 25 31.07 0.196979
ET7986-103 0.16 0.2 124 302.5 17 20.33 0.23219
ET7986-103 0.16 0.2 124 302.5 17 26.02 0.23219
ET7986-103 0.16 0.2 124 302.5 17 26.12 0.23219
ET7986-103 0.16 0.2 124 302.5 17 20.33 0.23219
ET7986-117 0.22 0.2 128.1 202.7 27 24.13 0.129947
ET7986-117 0.22 0.2 128.1 202.7 27 28.75 0.129947
ET7986-117 0.22 0.2 128.1 202.7 27 28.06 0.129947
ET7986-117 0.22 0.2 128.1 202.7 27 26.56 0.129947
ET7986-117 0.22 0.2 128.1 202.7 27 28.75 0.129947
ET7986-124 0.62 0.309 161.2 432.6 24 25.41 0.255447
ET7986-124 0.62 0.309 161.2 432.6 24 21.11 0.255447
ET7986-124 0.62 0.309 161.2 432.6 24 25.41 0.255447
ET7986-124 0.62 0.309 161.2 432.6 24 25.48 0.255447
ET8171-64 0.2 0.211 100.5 292.6 15 29.13 0.236494
ET8171-64 0.2 0.211 100.5 292.6 15 29.45 0.236494
ET8171-64 0.2 0.211 100.5 292.6 15 23.07 0.236494
ET8171-64 0.2 0.211 100.5 292.6 15 23.07 0.236494
ET8171-68 0.19 0.195 90.2 315.7 18 18.13 0.151199
ET8171-68 0.19 0.195 90.2 315.7 18 18.13 0.151199
ET8171-68 0.19 0.195 90.2 315.7 18 21.76 0.151199
ET8171-68 0.19 0.195 90.2 315.7 18 21.63 0.151199
ET8220-89 0.15 0.198 97.7 271.7 16 24.64 0.196402
ET8220-89 0.15 0.198 97.7 271.7 16 20.79 0.196402
ET8220-89 0.15 0.198 97.7 271.7 16 25.11 0.196402
ET8220-89 0.15 0.198 97.7 271.7 16 24.05 0.196402
ET8221-117 0.21 0.237 119.3 290.2 19 24.44 0.190316
ET8221-117 0.21 0.237 119.3 290.2 19 23.44 0.190316
ET8221-117 0.21 0.237 119.3 290.2 19 21.15 0.190316
ET8221-117 0.21 0.237 119.3 290.2 19 23.44 0.190316
ET8221-126 0.18 0.188 160 288.4 20 35.24 0.25526
ET8221-126 0.18 0.188 160 288.4 20 29.14 0.25526
ET8221-126 0.18 0.188 160 288.4 20 34.41 0.25526
ET8221-126 0.18 0.188 160 288.4 20 31.85 0.25526
ET8221-126 0.18 0.188 160 288.4 20 35.24 0.25526
ET8309-75 0.21 0.189 100.5 402.5 19 24.58 0.228339
ET8309-75 0.21 0.189 100.5 402.5 19 25.51 0.228339
ET8309-75 0.21 0.189 100.5 402.5 19 20.93 0.228339
ET8309-75 0.21 0.189 100.5 402.5 19 25.51 0.228339
ET8309-81 0.33 0.213 115.1 418.9 17 33.26 0.265917
ET8309-81 0.33 0.213 115.1 418.9 17 33.26 0.265917
ET8309-81 0.33 0.213 115.1 418.9 17 24.85 0.265917
ET8309-81 0.33 0.213 115.1 418.9 17 32.18 0.265917
ET8309-89 0.16 0.174 162.6 284.6 25 29.36 0.259244
ET8309-89 0.16 0.174 162.6 284.6 25 26.78 0.259244
ET8309-89 0.16 0.174 162.6 284.6 25 33.05 0.259244
ET8309-89 0.16 0.174 162.6 284.6 25 33.28 0.259244
ET8309-89 0.16 0.174 162.6 284.6 25 33.05 0.259244
ET8352-96 0.17 0.15 123.9 326.2 18 26.15 0.238584
ET8352-96 0.17 0.15 123.9 326.2 18 28.67 0.238584
ET8352-96 0.17 0.15 123.9 326.2 18 29.88 0.238584
ET8352-96 0.17 0.15 123.9 326.2 18 24.59 0.238584
ET8352-96 0.17 0.15 123.9 326.2 18 29.34 0.238584
ET8409-124 0.23 0.19 155.9 279.2 21 29.3 0.24964
ET8409-124 0.23 0.19 155.9 279.2 21 27.67 0.24964
ET8409-124 0.23 0.19 155.9 279.2 21 31.94 0.24964
ET8409-124 0.23 0.19 155.9 279.2 21 36.88 0.24964
ET8409-124 0.23 0.19 155.9 279.2 21 34.52 0.24964
ET8409-125 0.24 0.215 158.6 309.2 24 36.61 0.243588
ET8409-125 0.24 0.215 158.6 309.2 24 30.65 0.243588
ET8409-125 0.24 0.215 158.6 309.2 24 34.47 0.243588
ET8409-125 0.24 0.215 158.6 309.2 24 36.74 0.243588
ET8409-125 0.24 0.215 158.6 309.2 24 31.44 0.243588
ET8509-86 0.19 0.178 151 258.1 24 23.33 0.188044
ET8509-86 0.19 0.178 151 258.1 24 30.58 0.188044
ET8509-86 0.19 0.178 151 258.1 24 25.45 0.188044
ET8509-86 0.19 0.178 151 258.1 24 28.44 0.188044
ET8509-86 0.19 0.178 151 258.1 24 23.33 0.188044
ET8509-95 0.32 0.278 83.5 284.5 18 22.81 0.201699
ET8509-95 0.32 0.278 83.5 284.5 18 30.14 0.201699
ET8509-95 0.32 0.278 83.5 284.5 18 29.16 0.201699
ET8509-95 0.32 0.278 83.5 284.5 18 29.16 0.201699
ET8676-67 0.3 0.218 114.3 300 15 19.72 0.158029
ET8676-67 0.3 0.218 114.3 300 15 23.71 0.158029
ET8676-67 0.3 0.218 114.3 300 15 19.72 0.158029
ET8676-67 0.3 0.218 114.3 300 15 22.49 0.158029
ET8676-77 0.21 0.263 187.1 345.5 22 29.22 0.285176
ET8676-77 0.21 0.263 187.1 345.5 22 37.75 0.285176
ET8676-77 0.21 0.263 187.1 345.5 22 29.93 0.285176
ET8676-77 0.21 0.263 187.1 345.5 22 27.98 0.285176
ET8676-77 0.21 0.263 187.1 345.5 22 37.75 0.285176
ET8676-78 0.21 0.254 141.7 342.2 23 24.15 0.239408
ET8676-78 0.21 0.254 141.7 342.2 23 29.93 0.239408
ET8676-78 0.21 0.254 141.7 342.2 23 29.95 0.239408
ET8676-78 0.21 0.254 141.7 342.2 23 29.42 0.239408
ET8676-78 0.21 0.254 141.7 342.2 23 29.95 0.239408
ET8735-79 0.34 0.202 88.2 260.7 15 20.68 0.178601
ET8735-79 0.34 0.202 88.2 260.7 15 18.48 0.178601
ET8735-79 0.34 0.202 88.2 260.7 15 20.68 0.178601
ET8735-79 0.34 0.202 88.2 260.7 15 20.71 0.178601
ET9197-67 0.36 0.194 83.3 283.6 17 22.69 0.180968
ET9197-67 0.36 0.194 83.3 283.6 17 21.22 0.180968
ET9197-67 0.36 0.194 83.3 283.6 17 22.93 0.180968
ET9197-67 0.36 0.194 83.3 283.6 17 22.69 0.180968
ET9197-68 0.18 0.223 128.7 337.5 15 29.22 0.229957
ET9197-68 0.18 0.223 128.7 337.5 15 27.34 0.229957
ET9197-68 0.18 0.223 128.7 337.5 15 24.31 0.229957
ET9197-68 0.18 0.223 128.7 337.5 15 29.22 0.229957
ET9197-93 0.18 0.165 148.4 323.3 22 30.24 0.265939
ET9197-93 0.18 0.165 148.4 323.3 22 31.95 0.265939
ET9197-93 0.18 0.165 148.4 323.3 22 28.56 0.265939
ET9197-93 0.18 0.165 148.4 323.3 22 31.86 0.265939
ET9197-93 0.18 0.165 148.4 323.3 22 31.95 0.265939
TCPA0007Cre-15 0.3 0.19 96 247 20 28.79 0.206283
TCPA0007Cre-15 0.3 0.19 96 247 20 33.17 0.206283
TCPA0007Cre-15 0.3 0.19 96 247 20 35.03 0.206283
TCPA0007Cre-15 0.3 0.19 96 247 20 27.99 0.206283
TCPA0007Cre-15 0.3 0.19 96 247 20 28.75 0.206283
TCPA0007Cre-9 0.2 0.19 103 250 22 27.43 0.19219
TCPA0007Cre-9 0.2 0.19 103 250 22 28.72 0.19219
TCPA0007Cre-9 0.2 0.19 103 250 22 22.7 0.19219
TCPA0007Cre-9 0.2 0.19 103 250 22 27.43 0.19219
TCPA0037Cre-12 0.27 0.224 120.1 317.6 28 29.76 0.228666
TCPA0037Cre-12 0.27 0.224 120.1 317.6 28 30.46 0.228666
TCPA0037Cre-12 0.27 0.224 120.1 317.6 28 30.46 0.228666
TCPA0037Cre-12 0.27 0.224 120.1 317.6 28 23.11 0.228666
TCPA0048Cre-40 0.22 0.132 88.2 216.4 24 20.64 0.111541
TCPA0048Cre-40 0.22 0.132 88.2 216.4 24 20.98 0.111541
TCPA0048Cre-40 0.22 0.132 88.2 216.4 24 19.11 0.111541
TCPA0048Cre-40 0.22 0.132 88.2 216.4 24 21.3 0.111541
TCPA0051Cre-15 0.3 0.23 117 296 18 24 0.179867
TCPA0051Cre-15 0.3 0.23 117 296 18 20.3 0.179867
TCPA0051Cre-15 0.3 0.23 117 296 18 24.81 0.179867
TCPA0051Cre-15 0.3 0.23 117 296 18 24.81 0.179867
TCPA0051Cre-6 0.2 0.24 170 375 22 28.94 0.283135
TCPA0051Cre-6 0.2 0.24 170 375 22 32.38 0.283135
TCPA0051Cre-6 0.2 0.24 170 375 22 28.94 0.283135
TCPA0051Cre-6 0.2 0.24 170 375 22 33.42 0.283135
TCPA0051Cre-6 0.2 0.24 170 375 22 26.59 0.283135
TCPA0501Cre-17 0.2 0.218 147.3 275.6 22 28.17 0.221052
TCPA0501Cre-17 0.2 0.218 147.3 275.6 22 29.01 0.221052
TCPA0501Cre-17 0.2 0.218 147.3 275.6 22 29.12 0.221052
TCPA0501Cre-17 0.2 0.218 147.3 275.6 22 29.01 0.221052
TCPA0501Cre-17 0.2 0.218 147.3 275.6 22 25.34 0.221052
TCPA0501Cre-7 0.31 0.2 69.1 224.1 15 20.43 0.147603
TCPA0501Cre-7 0.31 0.2 69.1 224.1 15 20.43 0.147603
TCPA0501Cre-7 0.31 0.2 69.1 224.1 15 24.76 0.147603
TCPA0501Cre-7 0.31 0.2 69.1 224.1 15 24.81 0.147603
TCPA0608Cre-22 0.19 0.188 163.3 292.9 22 33.41 0.243502
TCPA0608Cre-22 0.19 0.188 163.3 292.9 22 32.36 0.243502
TCPA0608Cre-22 0.19 0.188 163.3 292.9 22 27.87 0.243502
TCPA0608Cre-22 0.19 0.188 163.3 292.9 22 28.97 0.243502
TCPA0608Cre-22 0.19 0.188 163.3 292.9 22 28.74 0.243502
TCPM0198Cre-29 0.3 0.18 63 247 17 19.33 0.150024
TCPM0198Cre-29 0.3 0.18 63 247 17 23.36 0.150024
TCPM0198Cre-29 0.3 0.18 63 247 17 24.19 0.150024
TCPM0198Cre-29 0.3 0.18 63 247 17 23.39 0.150024
TCPM0198Cre-4 0.3 0.21 100 405 18 23.02 0.159215
TCPM0198Cre-4 0.3 0.21 100 405 18 22.55 0.159215
TCPM0198Cre-4 0.3 0.21 100 405 18 19.91 0.159215
TCPM0198Cre-4 0.3 0.21 100 405 18 22.55 0.159215
